Year,01-01,01-02,01-03,01-04,01-05,01-06,01-07,01-08,01-09,01-10,01-11,01-12,01-13,01-14,01-15,01-16,01-17,01-18,01-19,01-20,01-21,01-22,01-23,01-24,01-25,01-26,01-27,01-28,01-29,01-30,01-31,02-01,02-02,02-03,02-04,02-05,02-06,02-07,02-08,02-09,02-10,02-11,02-12,02-13,02-14,02-15,02-16,02-17,02-18,02-19,02-20,02-21,02-22,02-23,02-24,02-25,02-26,02-27,02-28,03-01,03-02,03-03,03-04,03-05,03-06,03-07,03-08,03-09,03-10,03-11,03-12,03-13,03-14,03-15,03-16,03-17,03-18,03-19,03-20,03-21,03-22,03-23,03-24,03-25,03-26,03-27,03-28,03-29,03-30,03-31,04-01,04-02,04-03,04-04,04-05,04-06,04-07,04-08,04-09,04-10,04-11,04-12,04-13,04-14,04-15,04-16,04-17,04-18,04-19,04-20,04-21,04-22,04-23,04-24,04-25,04-26,04-27,04-28,04-29,04-30,05-01,05-02,05-03,05-04,05-05,05-06,05-07,05-08,05-09,05-10,05-11,05-12,05-13,05-14,05-15,05-16,05-17,05-18,05-19,05-20,05-21,05-22,05-23,05-24,05-25,05-26,05-27,05-28,05-29,05-30,05-31,06-01,06-02,06-03,06-04,06-05,06-06,06-07,06-08,06-09,06-10,06-11,06-12,06-13,06-14,06-15,06-16,06-17,06-18,06-19,06-20,06-21,06-22,06-23,06-24,06-25,06-26,06-27,06-28,06-29,06-30,07-01,07-02,07-03,07-04,07-05,07-06,07-07,07-08,07-09,07-10,07-11,07-12,07-13,07-14,07-15,07-16,07-17,07-18,07-19,07-20,07-21,07-22,07-23,07-24,07-25,07-26,07-27,07-28,07-29,07-30,07-31,08-01,08-02,08-03,08-04,08-05,08-06,08-07,08-08,08-09,08-10,08-11,08-12,08-13,08-14,08-15,08-16,08-17,08-18,08-19,08-20,08-21,08-22,08-23,08-24,08-25,08-26,08-27,08-28,08-29,08-30,08-31,09-01,09-02,09-03,09-04,09-05,09-06,09-07,09-08,09-09,09-10,09-11,09-12,09-13,09-14,09-15,09-16,09-17,09-18,09-19,09-20,09-21,09-22,09-23,09-24,09-25,09-26,09-27,09-28,09-29,09-30,10-01,10-02,10-03,10-04,10-05,10-06,10-07,10-08,10-09,10-10,10-11,10-12,10-13,10-14,10-15,10-16,10-17,10-18,10-19,10-20,10-21,10-22,10-23,10-24,10-25,10-26,10-27,10-28,10-29,10-30,10-31,11-01,11-02,11-03,11-04,11-05,11-06,11-07,11-08,11-09,11-10,11-11,11-12,11-13,11-14,11-15,11-16,11-17,11-18,11-19,11-20,11-21,11-22,11-23,11-24,11-25,11-26,11-27,11-28,11-29,11-30,12-01,12-02,12-03,12-04,12-05,12-06,12-07,12-08,12-09,12-10,12-11,12-12,12-13,12-14,12-15,12-16,12-17,12-18,12-19,12-20,12-21,12-22,12-23,12-24,12-25,12-26,12-27,12-28,12-29,12-30,12-31
1979,0.555,0.744,0.951,0.906,0.764,0.688,0.708,0.671,0.654,0.589,0.555,0.801,1.245,1.191,1.067,0.951,0.843,0.764,0.724,0.671,1.041,1.245,1.041,1.599,1.944,1.474,2.038,3.028,2.403,2.009,2.125,2.306,2.306,2.338,2.499,2.734,3.509,9.848,12.452,11.065,10.528,11.009,12.084,13.301,14.263,15.084,15.905,16.669,16.952,17.121,17.263,18.055,18.621,19.527,21.48,32.828,40.186,39.62,38.488,38.205,38.488,39.054,39.903,40.752,42.167,43.299,43.865,43.582,43.016,42.733,42.45,41.601,40.469,38.771,36.79,35.092,33.394,31.413,29.715,27.904,26.178,24.593,23.404,22.47,21.225,19.697,18.31,17.348,16.584,15.735,14.858,14.008,12.99,12.537,18.791,25.555,23.404,19.782,18.225,17.829,17.348,16.357,14.858,19.046,23.064,24.423,22.895,20.461,18.395,16.725,15.452,14.32,13.131,12.226,14.716,22.895,30.281,33.111,32.828,30.847,29.149,28.102,27.451,26.63,26.262,27.253,31.413,66.505,97.352,100.465,101.88,106.974,111.502,114.615,118.011,120.275,120.841,118.86,115.464,109.521,102.163,93.956,85.183,77.259,70.184,63.675,57.449,51.506,45.846,40.469,37.922,37.639,36.507,36.507,39.337,37.922,36.507,35.658,34.243,32.545,30.847,28.866,26.545,24.338,21.932,20.036,22.64,37.073,46.412,50.091,51.506,52.355,57.449,62.26,61.411,61.694,65.656,74.995,69.618,66.222,63.392,58.864,54.336,49.525,45.563,42.167,38.771,37.073,35.658,35.658,37.073,39.903,44.431,50.374,56.317,61.411,64.241,66.788,68.203,70.75,74.429,77.542,78.957,79.806,79.24,77.825,77.259,77.259,75.278,72.165,69.335,66.222,63.392,61.128,60.845,65.656,73.863,82.919,89.428,93.39,94.522,93.107,88.862,85.183,85.183,80.372,75.278,70.467,65.656,60.279,54.902,50.091,45.28,41.318,37.639,34.809,33.111,37.922,38.488,37.073,37.356,37.639,36.507,35.941,35.941,35.941,36.224,37.922,40.752,45.563,50.94,51.506,49.242,46.978,46.129,45.846,50.657,57.449,63.958,74.712,74.146,74.429,74.429,73.58,72.731,73.863,73.297,73.58,74.146,83.202,92.541,107.54,116.313,119.143,120.841,118.577,116.879,112.634,106.974,101.88,96.503,91.126,85.749,84.051,79.806,76.693,73.863,71.033,67.354,63.958,61.128,56.883,54.053,51.223,47.544,44.714,42.45,40.186,37.639,35.092,33.677,31.696,29.715,27.96,26.064,25.442,23.97,22.725,21.819,21.451,21.197,19.81,18.989,18.82,19.244,22.272,24.819,24.564,23.461,23.121,22.272,21.366,20.574,20.15,19.725,19.244,18.989,18.735,18.423,18.084,17.603,17.235,16.697,15.933,15.367,14.999,14.631,14.235,13.895,14.235,18.82,23.121,24.819,24.395,24.14,23.8,23.546,23.291,23.546,24.819,28.3,30.847,30.847,29.715,29.998,29.998,29.998,30.281,30.281,30.847,31.13,31.13,30.847,30.281,29.432
1980,28.3,27.31,26.234,25.696,25.272,24.395,23.546,23.121,22.555,21.819,21.027,20.489,20.489,21.197,21.904,22.272,21.565,21.197,29.715,20.489,19.64,19.244,21.366,26.234,29.432,37.073,46.129,52.638,53.487,51.789,50.657,50.374,50.091,49.525,49.525,49.808,50.091,50.657,50.657,51.223,52.921,56.883,59.996,62.26,63.392,63.675,62.826,61.977,61.128,59.713,58.581,57.166,55.468,53.487,52.638,54.053,61.128,64.807,66.222,67.354,67.354,67.354,66.222,64.524,62.543,61.128,59.996,80.655,125.086,196.402,208.854,198.949,202.628,184.233,172.347,155.933,146.028,139.802,134.425,129.331,125.652,122.256,120.275,117.445,115.181,113.2,110.653,109.238,127.633,143.198,149.707,153.386,157.065,168.102,169.8,172.347,173.196,171.498,173.762,175.46,174.611,174.045,173.479,173.762,178.29,174.328,167.253,160.461,155.933,149.99,144.047,136.406,129.614,122.539,116.596,112.634,108.106,104.71,98.201,93.107,88.013,83.202,79.806,75.844,73.014,71.599,69.335,64.807,63.392,71.033,75.844,71.033,65.939,61.128,56.034,52.355,51.223,51.506,52.638,53.487,53.487,53.77,59.43,61.977,62.826,62.826,61.977,58.015,54.902,49.525,46.129,44.148,41.884,39.054,37.073,34.243,31.696,29.432,27.026,24.989,23.064,21.565,20.942,20.489,18.82,17.235,16.244,14.574,13.16,12.254,12.084,11.858,11.207,10.782,11.15,12.084,13.103,15.282,17.235,19.244,20.772,21.819,22.98,23.715,23.97,23.97,23.121,21.565,19.725,17.235,16.018,14.858,13.414,12.254,11.292,10.443,9.905,9.396,9.141,8.264,6.169,3.934,2.657,2.171,2.006,5.632,17.376,32.828,34.526,33.111,37.073,37.922,27.508,20.942,17.857,16.074,13.98,12.254,10.782,9.282,8.547,8.49,8.971,9.282,8.914,8.603,12.395,14.235,14.405,14.065,13.98,14.716,14.49,12.537,11.009,10.386,9.99,9.48,9.339,9.339,9.141,8.433,7.698,7.075,6.764,6.226,5.915,5.264,5.32,5.377,5.264,4.839,4.528,4.386,4.188,4.16,4.047,3.849,3.311,3.0,3.679,3.962,3.934,3.849,3.707,3.509,3.028,2.691,2.561,2.756,2.725,2.496,2.437,2.377,2.227,2.315,2.496,2.343,1.899,1.593,1.559,1.426,1.217,0.877,0.739,0.758,0.965,1.395,1.559,1.426,1.217,1.189,1.135,1.084,0.92,1.525,9.282,10.443,9.594,8.207,9.396,14.405,14.716,16.074,17.546,17.857,17.291,16.386,16.923,15.791,14.914,14.405,13.895,13.414,13.018,12.622,11.943,11.433,10.867,10.443,10.103,9.65,9.339,8.858,7.754,6.99,7.245,10.046,18.338,24.904,27.508,27.508,27.026,26.404,25.781,24.989,23.8,22.81,21.734,20.489,19.555,18.735,17.772,16.98,16.697,16.018,15.367,15.225,14.235,13.584,13.726,13.81,13.584,13.244,13.018,12.622,12.254,11.858,11.49,11.15,11.009,10.726,10.584,10.641,10.528
1981,10.301,10.046,9.65,9.141,8.716,8.66,8.66,9.339,9.735,9.792,9.48,9.282,9.226,9.028,8.971,8.858,8.801,8.66,8.547,8.264,8.433,8.49,8.49,8.377,8.207,8.094,7.867,7.754,8.037,8.15,8.037,7.754,8.037,8.716,9.396,9.537,9.339,9.396,9.792,9.792,10.443,19.47,42.733,47.544,46.412,44.431,43.016,42.45,58.298,92.541,104.427,99.05,92.824,88.296,84.617,80.655,76.127,71.316,62.826,60.562,55.185,50.657,47.827,58.015,105.559,113.2,110.936,107.823,105.842,103.012,99.616,93.39,86.598,79.806,72.448,65.09,58.864,52.638,47.827,43.299,43.016,44.714,46.412,45.563,43.582,41.601,39.054,37.639,36.224,49.525,59.43,97.635,96.22,83.768,75.278,67.637,62.26,57.732,53.487,50.657,47.827,45.563,43.299,41.318,39.054,37.356,35.092,33.394,31.413,29.432,27.677,25.696,24.31,23.064,21.366,19.895,18.565,17.15,15.876,14.631,12.707,11.292,10.046,8.858,7.811,6.764,6.934,8.037,8.971,9.141,8.433,7.924,7.33,6.594,5.802,5.236,4.896,4.641,4.16,3.764,3.368,2.972,2.657,2.561,2.374,2.343,2.592,2.343,2.227,2.406,2.142,1.667,1.46,1.491,1.46,1.245,1.217,2.374,2.827,3.594,4.245,5.377,5.434,5.122,4.896,4.585,3.962,3.198,2.592,2.561,2.287,2.142,2.142,2.199,2.756,2.343,2.117,2.006,1.364,1.163,1.189,0.942,0.877,0.965,0.92,1.084,1.058,0.877,0.722,0.685,0.654,0.492,0.433,0.671,0.877,0.795,0.546,0.532,0.62,0.685,0.739,0.855,1.245,1.593,1.559,1.74,2.256,2.725,2.006,1.189,0.877,0.775,1.163,1.217,2.142,3.424,2.943,2.06,2.06,1.333,0.722,0.739,0.722,0.835,0.815,0.758,0.574,0.532,0.591,0.591,0.671,0.62,0.877,1.899,3.509,4.386,3.594,3.113,3.198,6.169,17.772,25.272,20.772,17.065,14.405,12.169,10.046,8.858,8.264,8.15,8.547,8.716,8.15,7.075,6.452,5.122,4.33,3.764,3.792,6.169,5.377,3.792,3.679,3.453,3.085,2.858,2.858,2.725,2.53,2.374,2.171,1.777,1.593,1.33,1.16,1.047,1.047,0.906,0.906,0.821,0.764,0.708,0.708,0.821,0.906,0.792,0.792,0.708,0.708,0.708,0.708,0.679,0.594,0.566,0.651,0.708,0.708,0.708,0.708,0.792,0.736,0.736,0.708,0.708,0.651,0.623,0.623,0.651,1.641,3.368,2.349,2.009,1.726,2.151,6.82,6.764,6.113,5.122,4.386,3.792,3.679,3.679,3.453,3.311,3.311,3.113,3.0,2.83,2.604,2.434,2.292,2.292,2.151,2.038,2.151,3.311,3.226,3.085,2.943,2.745,2.547,2.406,2.292,2.066,2.009,2.009,1.811,2.009,3.368,4.585,4.528,4.443,4.386,3.934,3.707,3.509,3.311,3.311,3.113,3.707,4.896,5.377,5.179,7.075,11.009
1982,21.565,26.149,21.819,17.942,17.376,17.546,16.697,18.084,20.065,18.82,17.688,16.386,26.234,30.564,40.752,40.752,37.639,35.092,33.394,31.979,30.281,28.866,28.3,27.96,27.31,26.489,25.272,24.055,22.725,22.272,21.366,20.942,20.15,19.386,25.612,28.866,28.3,27.508,26.772,27.225,27.96,28.13,28.243,30.281,37.639,41.318,41.884,46.978,55.185,55.185,52.921,50.091,47.544,44.431,41.318,39.903,38.205,36.507,35.092,33.96,32.545,31.13,30.281,28.866,35.092,46.978,54.336,53.204,50.657,48.959,45.28,44.148,42.167,40.469,38.488,36.507,34.526,32.828,30.847,29.432,28.3,37.073,41.601,48.676,56.317,58.864,52.638,47.261,46.695,43.582,40.469,36.79,34.243,31.413,28.583,26.687,25.357,24.395,35.092,48.11,78.674,106.125,101.031,91.409,84.334,78.674,73.297,68.486,64.524,61.128,56.883,53.204,48.959,44.148,40.186,38.488,40.469,42.167,42.733,41.884,40.752,39.054,37.639,35.941,33.677,32.262,29.432,27.508,26.149,24.819,22.725,20.489,20.065,17.857,16.471,15.706,14.574,13.98,12.848,12.622,11.15,10.103,9.48,9.141,9.396,9.028,7.811,7.499,7.386,7.386,7.386,8.858,8.377,7.245,6.396,5.632,5.122,4.839,4.528,4.386,3.453,3.085,2.604,3.934,3.877,3.0,2.802,4.726,11.716,16.074,13.018,10.924,14.235,16.471,15.508,15.367,16.074,16.838,26.772,29.149,29.432,27.876,24.649,22.272,19.64,18.565,17.546,17.688,18.48,18.65,17.999,17.999,17.603,17.291,17.546,19.98,24.055,24.819,26.602,33.111,41.601,54.902,52.355,50.657,53.487,56.034,56.317,54.619,69.901,87.164,85.749,80.655,76.127,72.165,70.75,66.505,70.467,58.298,58.015,61.977,73.014,66.505,60.845,55.185,54.053,58.581,56.6,50.94,47.827,44.431,44.148,43.016,42.733,44.148,47.544,44.148,44.997,35.941,32.262,30.847,28.3,24.225,21.282,19.301,17.546,16.074,15.706,14.999,14.235,12.622,11.66,13.244,14.574,13.414,12.622,21.366,21.734,20.857,19.244,17.291,16.838,16.471,16.301,16.386,16.838,14.914,13.499,12.622,11.858,11.348,11.009,10.046,9.282,9.084,7.981,7.075,7.443,6.99,8.094,8.433,8.207,7.981,7.698,7.386,6.594,6.509,7.075,6.707,6.452,6.169,6.0,5.632,5.236,4.896,4.896,4.726,4.641,4.528,4.104,3.877,3.707,3.453,3.198,3.113,3.226,3.085,2.972,3.311,4.471,5.632,5.377,3.509,3.424,3.424,3.311,3.368,3.311,3.141,2.972,2.83,2.745,2.688,2.688,2.688,2.688,2.688,2.66,2.66,2.604,2.49,2.434,2.292,2.179,2.292,2.179,2.094,2.066,2.292,2.349,2.745,2.858,2.688,2.66,2.547,2.745,2.943,4.188,3.198,3.085,3.792,3.877,3.934,4.16,4.188,3.538,3.368,3.538,3.509,3.509,3.509,3.509,3.368,3.254,4.641,9.735
1983,15.367,17.999,19.725,20.857,21.734,22.555,23.064,23.97,26.149,28.583,33.394,35.092,34.526,33.677,32.828,31.696,30.564,29.998,29.715,30.281,34.243,41.318,51.223,59.713,61.128,60.562,60.279,65.373,68.769,70.467,71.033,71.599,79.806,93.956,99.05,99.899,103.578,109.238,113.483,114.332,115.464,116.313,122.256,133.859,153.952,166.97,166.404,167.253,170.932,174.611,178.29,179.422,181.969,184.516,186.214,186.497,185.365,183.101,181.12,179.988,176.309,171.781,166.404,161.027,157.631,158.197,169.234,172.347,173.479,176.026,179.422,181.969,183.384,184.233,185.648,196.119,213.665,220.457,224.136,229.23,236.588,245.644,251.87,261.209,266.02,270.548,270.831,269.982,267.435,264.605,261.775,256.398,250.455,244.512,235.739,228.381,218.759,213.665,224.136,243.663,258.096,260.077,258.945,258.662,257.813,258.379,258.379,258.096,257.53,256.964,256.681,255.832,255.549,254.983,254.417,250.738,246.21,241.116,235.173,228.098,220.457,211.967,202.628,191.591,181.969,171.498,159.329,147.726,139.802,130.463,122.539,114.615,106.691,98.201,90.843,85.183,81.504,76.41,70.467,65.656,59.996,54.902,50.657,46.978,44.431,41.601,37.639,35.092,33.111,31.413,25.951,24.734,23.715,21.65,21.366,21.366,21.819,24.819,31.413,39.054,42.167,42.167,41.318,40.469,38.771,35.375,33.394,29.432,27.508,24.819,23.064,21.282,22.102,21.819,23.546,25.696,28.866,30.847,33.394,37.922,38.488,42.167,50.091,52.921,52.072,46.695,43.016,41.035,38.771,35.941,34.526,33.111,31.979,30.847,29.149,28.243,25.696,23.97,23.121,21.366,19.81,18.48,17.999,17.235,17.235,17.688,16.838,16.159,15.14,14.32,13.414,14.999,17.999,23.121,44.148,52.072,58.581,61.977,63.958,63.958,65.09,61.694,59.996,57.449,56.034,54.902,54.336,52.072,49.808,48.959,48.11,46.978,45.563,44.148,42.167,39.054,35.941,31.696,28.3,25.272,23.121,20.942,19.81,18.338,20.319,21.366,20.942,19.64,17.603,16.471,15.225,14.631,13.018,12.254,12.028,17.999,27.14,31.413,36.79,37.639,34.526,30.564,28.866,30.281,39.62,48.11,48.959,44.148,27.394,32.262,23.121,20.15,18.423,17.037,15.905,14.942,13.442,12.395,11.348,10.528,10.726,12.084,14.008,14.32,12.763,11.433,10.867,10.726,10.528,9.99,9.198,8.773,8.179,7.867,7.584,7.528,7.386,7.273,7.018,6.65,6.084,5.66,5.49,5.349,5.094,4.783,4.556,4.273,4.132,4.047,4.019,4.132,4.273,4.188,4.132,4.047,3.849,3.679,3.566,3.509,3.481,3.424,4.471,7.132,8.66,9.339,9.848,10.386,11.207,12.99,15.169,16.414,16.499,16.414,17.037,17.829,16.272,15.735,15.537,16.131,17.744,19.046,19.216,19.612,23.234,31.13,41.601,44.431,46.695,49.525,52.638,54.902,57.732,60.279,62.543,64.807,66.222,66.788,67.071,67.637,67.071,72.448,97.918,126.784,133.01
1984,134.991,136.123,137.255,139.802,140.651,141.217,142.915,143.198,140.368,133.01,130.463,125.369,120.558,115.747,110.936,105.559,100.182,95.937,92.541,89.428,86.032,82.919,79.806,77.825,76.693,76.41,77.825,81.504,86.881,92.824,99.899,106.974,114.049,120.841,128.482,136.689,144.047,151.971,160.744,168.102,173.762,177.724,180.271,182.818,183.95,183.667,181.403,177.724,172.913,168.102,162.442,155.084,146.877,138.104,128.482,104.993,95.937,109.804,120.275,121.407,125.369,132.727,138.67,144.047,151.405,179.705,202.628,220.174,239.701,268.001,305.64,345.26,379.22,410.35,430.16,444.31,449.97,449.97,444.31,435.82,418.84,384.88,373.56,365.07,356.58,348.09,384.88,430.16,447.14,469.78,500.91,529.21,560.34,639.58,704.67,732.97,738.63,735.8,735.8,741.46,735.8,713.16,682.03,645.24,605.62,568.83,529.21,486.76,452.8,418.84,393.37,365.07,342.43,325.45,305.64,282.151,258.379,235.456,212.816,193.572,175.177,157.065,138.953,123.388,108.389,94.805,84.334,75.278,68.486,61.411,54.902,49.525,44.714,41.035,37.639,34.243,30.847,27.366,24.762,22.81,20.631,19.131,19.046,18.876,19.527,20.8,22.102,23.489,24.083,24.593,25.47,26.262,27.168,27.536,27.451,26.998,26.093,24.762,24.253,21.48,19.442,17.603,16.046,14.858,14.008,13.697,13.301,13.131,12.452,11.66,10.867,10.528,11.943,18.31,19.867,18.621,17.744,17.433,16.357,16.188,18.565,24.961,34.526,46.412,61.977,71.316,78.391,84.334,87.447,85.749,79.806,73.014,69.901,64.807,58.015,50.657,45.28,40.752,38.205,41.035,62.543,72.165,76.127,89.428,96.786,93.956,89.711,85.183,77.259,71.033,69.618,75.278,88.579,99.616,103.012,107.54,109.521,106.408,102.446,99.899,93.673,87.164,79.806,72.165,64.241,56.883,49.808,43.582,38.205,33.677,30.564,28.866,28.866,29.149,29.432,32.545,36.79,39.054,39.903,40.469,40.186,39.903,38.771,37.356,36.507,35.092,32.262,29.715,27.083,25.47,23.829,21.678,20.121,19.131,17.829,16.499,15.31,13.924,13.131,12.31,11.575,10.867,10.188,9.594,9.452,8.943,8.348,7.754,7.188,7.018,8.405,16.952,24.593,24.395,24.395,24.395,25.074,25.753,26.234,26.432,26.432,26.149,25.668,24.961,23.772,22.81,21.932,20.8,19.697,18.735,17.716,16.471,15.622,14.716,13.895,13.046,12.197,11.405,10.896,10.414,10.075,10.273,11.037,11.263,10.697,10.697,11.462,12.961,14.942,16.471,16.386,15.537,14.858,14.15,13.81,13.81,13.358,12.82,12.367,11.829,11.631,11.405,10.896,10.216,10.216,10.697,11.32,12.056,12.594,12.876,12.367,12.509,13.188,13.499,13.754,13.584,13.273,13.103,12.876,13.273,13.414,13.358,13.273,13.188,13.188,12.735,12.509,11.999,11.773,11.462,11.263,10.839,10.414,9.933,9.679,9.48,9.424,9.424,9.339,9.282,9.226,9.084,8.773,8.575,8.348
1985,8.15,7.981,8.094,8.773,9.169,8.83,8.405,8.094,7.924,7.782,7.613,7.499,7.386,7.103,6.82,6.65,6.594,6.82,6.707,6.594,6.339,6.056,6.0,5.802,5.858,6.0,5.915,5.717,5.603,5.66,8.462,9.226,9.282,11.122,14.292,16.98,18.678,20.433,21.451,21.225,20.518,20.716,22.498,22.725,22.583,22.216,22.017,21.565,20.659,19.952,19.47,18.961,18.254,17.518,16.895,16.131,15.537,15.112,14.376,13.754,13.273,13.188,13.81,13.98,13.584,12.82,12.282,12.056,11.688,11.178,10.896,10.612,10.131,9.679,9.424,10.075,12.197,17.518,19.244,20.376,22.583,25.47,27.592,29.149,29.998,30.281,29.998,29.715,28.866,27.281,25.555,23.97,22.98,21.65,20.036,19.074,18.338,17.348,15.876,14.207,12.65,11.405,9.735,9.622,11.999,13.81,13.669,12.594,11.462,10.556,9.82,9.028,8.405,7.782,7.386,6.99,6.594,6.283,5.943,5.462,5.066,4.811,4.868,5.547,5.66,5.462,4.981,4.585,4.188,4.104,4.16,4.245,4.415,4.16,3.82,3.651,3.538,3.396,3.339,3.141,3.141,3.028,3.113,3.028,2.943,2.943,2.887,2.802,2.745,2.745,2.604,2.575,2.575,2.547,2.49,2.434,2.434,2.66,2.887,2.406,2.377,2.236,2.462,3.651,3.254,3.396,9.028,9.82,6.99,5.858,5.151,4.811,4.556,4.5,4.33,4.104,3.849,3.368,3.736,6.169,11.178,13.584,12.876,11.037,9.622,8.886,9.424,12.424,14.546,13.188,11.263,10.216,9.537,9.424,9.679,10.358,11.773,11.914,11.32,12.509,12.65,12.594,12.65,13.103,13.669,14.631,15.706,16.131,15.961,15.282,14.461,14.773,16.725,18.395,20.15,27.394,39.054,46.412,53.77,62.26,70.75,79.24,87.73,93.39,96.22,99.05,101.88,104.71,107.54,110.37,111.785,111.219,110.087,107.54,104.427,101.314,98.484,95.088,91.692,87.164,84.9,84.9,88.862,110.936,121.407,122.256,114.898,114.615,115.747,117.728,118.577,118.86,119.143,125.369,125.935,123.671,121.124,116.596,112.351,107.823,103.295,98.484,93.107,87.447,82.07,76.41,71.316,67.071,64.241,62.26,59.43,54.902,48.393,44.148,41.035,38.488,36.507,34.243,32.262,29.998,27.394,23.687,21.565,21.932,22.074,21.508,20.376,19.584,18.848,18.452,17.886,17.263,16.556,15.791,15.027,14.546,14.065,13.414,13.103,12.961,13.499,14.207,15.706,19.47,32.828,36.79,36.224,37.073,37.356,35.658,33.677,32.262,31.979,31.979,31.696,29.998,28.583,27.96,26.715,25.47,22.98,22.98,22.3,21.932,22.131,22.895,23.234,22.81,22.074,21.084,19.952,19.414,19.244,20.15,21.084,27.876,36.507,35.375,33.111,32.545,32.262,31.696,31.13,29.715,28.866,27.592,27.281,43.582,77.259,85.183,81.504,79.806,80.089,80.372,80.089,79.24,78.391,77.825,76.41,74.995,73.863,74.429,73.58,71.882,70.75
1986,73.014,74.429,76.976,93.673,118.86,128.482,125.652,122.539,119.992,128.765,168.951,192.44,190.176,185.648,181.403,178.007,175.743,173.479,172.064,170.932,167.819,163.857,159.612,155.367,149.707,142.066,133.01,125.652,121.973,117.162,113.2,107.54,101.88,95.654,90.56,85.466,127.35,159.046,172.63,194.138,224.419,241.682,251.304,261.209,277.906,297.15,319.79,348.09,376.39,390.54,401.86,404.69,399.03,390.54,376.39,362.24,345.26,331.11,319.79,308.47,299.98,291.49,283.0,275.359,264.322,251.304,236.022,221.023,207.722,194.987,181.12,166.404,162.159,164.14,161.876,156.782,152.537,147.726,143.481,141.217,135.84,129.331,123.954,118.294,113.2,108.389,103.861,99.05,95.371,90.56,85.466,82.07,77.542,73.58,68.769,63.958,60.279,56.317,52.072,48.11,44.148,40.752,37.356,34.526,31.979,29.149,26.8,23.97,22.498,21.451,20.518,19.584,18.536,17.178,15.961,14.773,13.895,13.188,12.424,11.631,10.896,10.216,9.622,9.084,8.575,7.981,7.16,6.764,6.226,5.802,5.547,5.405,5.207,5.009,5.009,4.981,4.868,4.585,5.066,5.49,5.094,4.585,4.33,4.245,4.16,3.99,3.679,3.538,3.396,3.283,3.254,3.226,3.283,3.254,3.17,3.141,3.028,2.943,2.773,2.745,2.802,3.141,3.141,2.887,2.83,2.688,2.547,2.688,2.83,2.972,3.254,3.679,4.245,6.226,6.056,5.943,5.802,5.915,5.547,5.264,5.151,4.981,4.556,4.641,4.924,4.783,4.868,4.5,4.16,3.99,3.82,3.99,3.622,3.113,3.254,4.698,5.943,5.349,4.641,4.16,3.736,3.339,2.887,2.604,2.745,3.0,2.66,2.49,2.434,2.943,3.141,2.802,2.745,2.604,2.462,2.434,2.434,2.632,3.254,4.726,4.868,4.641,3.905,3.82,4.726,5.915,6.934,7.981,8.405,8.264,8.037,8.15,9.82,14.376,18.112,18.338,17.093,15.876,14.15,11.999,11.999,13.103,13.584,16.131,15.282,14.461,14.292,14.065,13.98,13.81,13.669,13.414,12.961,12.65,11.688,11.263,10.216,9.226,8.264,7.386,6.481,5.858,5.292,4.783,4.5,4.726,4.726,4.019,3.622,3.453,3.226,3.141,3.028,2.887,2.66,2.604,2.434,2.321,2.179,2.066,1.953,1.868,2.575,3.113,2.972,2.179,2.066,2.236,2.094,1.896,1.783,1.726,1.698,1.67,1.585,1.528,1.528,1.472,1.585,1.528,1.5,2.151,5.462,5.207,4.104,3.849,3.736,3.538,3.254,3.141,3.0,2.887,2.717,2.575,2.406,2.321,2.292,2.122,2.094,2.122,2.236,3.453,5.094,8.971,14.207,17.093,18.254,16.386,13.358,12.056,10.046,9.48,11.462,21.282,33.394,39.62,40.186,38.205,34.809,30.564,26.63,23.602,21.65,26.8,39.62,58.298,84.9,91.692,85.466,80.372,77.542,73.014,67.92,64.241,60.279,56.6,56.034,71.599,81.221,80.655,79.24,77.825,75.844,74.712,73.58
1987,73.014,77.259,90.56,110.37,126.784,134.991,136.406,134.991,136.406,142.632,145.745,144.896,142.915,140.934,138.953,138.387,143.481,153.952,161.31,166.404,171.498,195.27,215.646,222.155,223.853,228.664,234.607,239.418,243.38,247.059,249.04,249.04,248.757,247.908,246.21,244.229,251.304,254.134,255.549,253.851,250.738,242.814,241.682,236.305,229.23,222.155,217.061,213.665,207.156,200.364,193.572,191.874,198.383,220.457,228.098,229.513,232.626,237.72,243.38,252.719,261.775,268.567,273.095,276.774,279.321,281.019,283.0,285.83,285.83,283.0,281.302,278.755,274.793,270.265,264.322,257.247,249.04,241.116,231.494,220.74,209.986,199.232,188.478,178.29,171.781,189.61,204.892,211.684,219.325,233.758,241.965,244.512,245.927,247.059,245.644,242.814,237.437,230.645,222.438,213.382,203.194,191.308,180.837,166.121,153.386,139.236,126.218,113.2,102.163,93.956,86.598,79.523,73.014,67.354,61.128,55.185,49.525,44.431,40.186,36.224,32.262,28.866,25.583,22.951,21.112,19.47,18.282,16.697,15.565,14.716,13.754,14.008,13.952,12.169,11.914,12.141,12.112,11.971,11.914,12.282,12.792,12.99,13.301,13.726,13.584,12.565,11.32,10.528,9.848,9.198,8.716,8.32,7.641,6.99,6.396,6.226,5.971,5.745,5.292,5.009,4.754,4.528,4.386,4.188,4.5,4.698,4.358,4.075,4.471,4.556,4.273,3.538,3.17,3.453,3.283,3.226,3.707,5.179,6.141,6.368,7.641,9.622,14.858,17.178,18.763,19.414,20.348,21.055,22.81,24.196,24.649,28.215,28.866,26.064,23.234,21.621,20.121,19.131,18.395,16.952,15.876,14.914,13.641,11.914,10.782,9.933,9.198,8.773,8.15,7.782,7.556,7.358,6.962,6.877,6.82,6.679,6.735,6.283,5.773,5.264,4.783,4.471,4.415,4.868,12.933,16.301,39.62,56.034,52.355,46.129,41.035,36.224,31.979,28.866,26.97,25.215,23.319,21.763,20.15,18.848,16.923,15.112,17.914,18.169,18.31,27.026,28.583,30.281,38.771,65.373,78.108,85.466,87.73,83.485,75.844,72.448,66.222,59.43,53.77,48.676,44.431,41.035,37.922,35.658,32.545,29.432,26.517,23.8,21.621,19.867,18.395,16.64,14.971,12.961,11.688,11.122,10.131,8.83,8.15,7.499,7.103,6.368,6.481,6.113,5.688,5.349,5.292,4.868,4.585,4.5,4.386,4.245,4.075,4.075,3.905,3.736,3.594,3.538,3.453,3.254,3.17,3.028,2.887,2.688,2.462,2.122,1.981,2.264,2.151,1.896,1.84,1.698,1.613,1.613,1.556,1.5,1.443,1.387,1.358,1.33,2.547,3.934,4.019,4.019,4.132,3.962,3.877,3.849,3.849,3.82,3.679,3.566,3.538,3.424,3.283,3.254,3.17,3.113,3.113,3.113,3.056,3.0,3.028,3.113,3.17,3.113,3.113,3.0,3.283,4.132,3.622,3.622,3.538,3.396,3.396,3.254,3.254,3.113,3.113,3.141,3.254,3.226,3.17,3.113,3.056
1988,3.028,3.0,3.028,3.056,3.0,2.972,3.538,3.962,4.273,4.952,5.037,4.839,4.839,4.754,4.528,4.443,4.528,4.585,4.754,5.292,9.679,12.65,13.952,13.867,15.424,15.424,14.292,13.527,13.669,13.952,14.093,14.008,13.952,13.81,13.471,13.16,14.15,14.716,15.282,15.197,15.14,14.716,14.574,14.433,14.15,14.008,13.81,14.15,14.631,43.865,90.56,149.707,170.649,175.46,181.969,187.912,191.025,193.289,196.685,201.496,202.628,202.911,204.326,208.571,209.137,208.005,204.609,200.93,200.364,198.666,194.704,189.893,185.648,179.422,172.064,162.159,153.669,146.028,136.972,125.652,117.445,110.936,103.861,96.22,91.975,86.881,81.221,76.41,71.599,68.486,63.675,59.147,55.185,51.506,47.544,44.431,41.318,38.205,35.375,32.545,30.564,28.866,27.819,25.979,25.272,23.687,21.508,19.98,19.668,18.31,17.178,16.188,15.48,14.716,14.15,13.471,12.933,12.65,11.971,11.433,16.471,17.178,16.272,15.706,15.282,14.716,14.433,14.292,14.15,14.433,14.574,14.49,14.292,13.867,13.612,13.329,12.594,11.914,11.235,11.037,10.188,9.622,9.169,8.801,8.631,7.896,7.641,7.132,6.707,6.169,5.858,5.632,5.292,5.066,4.952,4.896,5.066,5.434,6.084,6.368,6.481,6.254,5.66,5.518,5.49,4.952,4.5,4.415,4.358,4.273,4.245,4.16,4.075,4.047,3.962,3.934,3.934,3.877,3.622,3.056,2.972,2.858,2.66,2.519,2.547,2.519,2.462,2.406,2.321,2.292,2.547,2.802,2.547,2.292,2.122,2.009,2.122,1.981,2.094,2.292,3.0,2.802,2.122,2.406,2.264,2.122,1.981,1.953,2.009,1.896,1.981,2.122,2.264,2.406,1.84,1.556,2.122,3.113,3.962,3.538,3.962,3.254,3.113,2.858,2.66,2.802,2.972,3.679,3.651,4.132,3.877,3.736,3.453,3.254,3.0,2.887,3.056,3.028,3.82,5.518,6.169,6.198,6.481,6.877,6.934,7.641,8.575,9.679,12.933,18.395,26.772,33.96,45.846,56.6,61.694,63.958,65.09,64.241,63.109,61.977,59.43,57.449,54.053,51.223,47.544,43.299,39.62,36.79,33.677,30.847,28.017,25.923,23.546,21.225,18.395,18.735,23.546,25.47,23.942,20.772,19.584,18.395,16.754,15.622,14.999,13.81,12.99,12.735,11.32,10.556,9.933,9.169,8.745,8.433,8.377,7.924,7.499,7.132,6.764,6.622,6.339,6.113,6.084,5.971,5.943,5.575,5.094,5.66,6.396,7.018,6.962,6.877,6.764,6.622,6.396,6.226,6.084,5.943,5.745,5.632,5.518,5.434,5.349,5.236,5.094,5.66,5.886,5.802,5.773,6.198,7.584,9.113,11.914,15.65,15.65,14.376,13.329,12.594,11.971,11.575,11.122,10.641,10.216,9.877,10.018,10.556,12.028,12.735,12.565,12.197,11.716,11.15,10.499,10.075,9.764,9.537,9.339,9.169,8.943,8.914,8.66,8.433,8.292,8.122,7.981
1989,7.782,8.122,9.565,10.471,9.905,9.028,8.575,8.235,7.839,7.528,7.33,7.103,6.962,6.905,6.735,6.594,6.424,6.339,6.283,6.198,6.141,6.141,6.028,5.943,5.886,5.802,5.745,5.688,5.603,5.547,5.49,5.405,5.349,5.32,5.264,5.122,4.868,4.868,4.981,4.839,4.726,4.67,4.839,4.613,4.556,4.528,4.528,4.5,4.5,4.443,4.358,4.5,5.377,5.32,5.179,5.122,5.066,5.094,5.179,5.349,5.518,6.226,6.566,6.849,6.82,6.566,6.113,5.858,5.632,5.462,5.405,5.32,5.32,5.292,5.066,4.698,4.698,4.641,4.556,4.528,4.613,5.773,7.613,8.405,8.603,7.698,7.075,6.622,6.368,6.679,7.188,7.358,6.849,6.452,6.283,6.141,6.0,5.886,5.802,5.773,5.971,6.198,6.339,6.339,6.339,6.481,6.934,7.301,6.99,6.99,7.443,8.405,8.688,8.15,7.358,6.65,6.226,5.943,5.603,5.292,5.236,5.575,5.49,5.377,5.151,4.952,4.67,4.471,4.613,5.886,7.471,6.396,5.547,4.981,4.613,4.33,4.047,3.736,3.339,3.085,2.83,2.773,2.745,2.632,2.547,2.406,2.321,2.207,2.122,2.066,2.066,2.066,2.009,1.924,1.868,1.783,1.811,1.868,2.066,2.151,2.462,2.717,2.604,2.547,2.49,2.49,2.943,4.811,6.226,7.188,7.896,8.688,9.084,8.886,8.631,8.773,11.065,12.395,11.546,10.811,11.15,11.235,10.414,9.65,9.537,9.622,9.537,9.594,10.556,10.726,9.764,9.339,9.056,8.971,8.462,8.009,8.235,8.575,8.688,8.603,8.518,8.858,10.216,12.141,13.244,13.018,12.197,11.688,11.518,11.49,11.773,11.801,11.546,11.292,11.009,10.612,9.792,9.084,8.49,8.037,7.698,7.839,7.33,6.622,6.311,6.962,8.547,8.377,8.122,8.15,8.631,10.584,12.82,15.282,16.272,16.329,20.716,21.536,20.036,19.584,18.593,17.857,17.348,17.999,20.15,21.763,23.234,23.857,23.942,23.234,21.791,20.206,19.159,18.282,17.489,16.895,17.15,17.433,16.867,16.471,15.565,14.405,13.754,12.48,11.744,11.801,13.131,13.499,13.329,13.188,12.763,12.395,12.509,12.735,14.207,14.631,14.207,13.131,12.254,11.716,11.377,10.811,10.414,9.792,9.452,9.028,8.631,8.264,7.896,7.613,7.018,6.934,6.424,6.311,6.169,6.084,5.858,5.518,5.434,5.405,5.122,4.896,4.67,4.585,4.443,4.33,4.16,3.877,3.679,3.566,3.566,3.453,3.736,3.481,3.254,3.17,3.113,3.028,3.028,3.113,3.028,2.887,2.773,2.66,2.604,2.519,2.745,2.462,2.094,1.924,1.868,1.811,1.698,1.528,1.472,1.443,1.415,1.302,1.217,1.217,1.16,1.33,1.811,2.151,2.49,2.462,3.566,3.82,3.877,3.877,3.877,4.896,6.65,12.65,17.263,17.404,17.546,17.744,18.055,18.452,18.904,19.329,19.386,19.386,19.329
1990,22.017,23.772,25.753,25.923,25.979,26.234,27.564,35.941,39.054,39.054,39.337,39.903,39.903,39.903,39.62,39.337,39.337,38.771,38.205,37.922,37.356,39.337,40.469,40.186,39.054,39.054,38.488,38.488,38.205,37.922,39.62,40.469,41.318,40.752,41.318,43.299,44.148,43.582,42.167,39.903,41.318,53.77,59.43,56.883,54.619,53.77,52.638,53.487,56.6,57.449,70.75,82.636,86.881,93.956,106.125,108.672,109.238,110.936,112.634,114.049,114.049,113.766,112.068,110.37,107.823,103.295,99.899,94.522,89.711,85.183,82.636,75.844,72.731,68.486,62.26,59.713,56.6,54.336,49.808,48.11,44.997,42.167,39.62,36.79,34.526,31.13,29.432,27.649,25.13,32.262,41.318,46.412,45.28,44.148,40.752,37.073,34.526,32.545,31.13,29.432,28.272,26.857,25.583,24.083,22.895,21.876,20.518,18.961,17.914,16.98,16.272,15.508,14.801,14.15,13.81,13.131,12.31,11.631,11.15,10.754,9.735,9.084,8.547,7.952,7.528,7.018,6.934,6.622,6.396,6.311,5.943,5.717,5.264,5.179,5.122,4.754,4.613,4.443,4.245,4.132,4.075,3.962,3.849,3.651,3.339,3.0,2.688,2.264,2.151,1.613,1.16,1.075,0.962,1.16,1.443,1.585,1.16,1.245,1.698,1.67,1.641,1.641,1.472,1.16,1.019,0.821,0.679,0.764,0.821,0.877,0.962,0.736,0.594,0.566,0.538,0.509,0.453,0.424,0.396,0.368,0.368,0.368,0.368,0.311,0.311,0.269,0.241,0.651,0.623,0.566,0.566,0.509,0.651,0.906,1.245,1.443,0.934,0.736,0.877,0.764,0.679,0.679,1.868,1.556,1.556,1.528,1.33,1.104,0.99,0.906,0.792,0.679,0.623,0.538,0.481,0.453,0.396,0.368,0.34,0.311,0.368,0.396,0.481,0.764,0.736,0.877,0.594,0.509,0.396,0.34,0.34,0.34,0.368,0.396,0.396,0.396,0.424,0.396,0.34,0.34,0.34,0.311,0.509,0.651,0.651,0.509,0.424,0.368,0.311,0.311,0.311,0.269,0.269,0.283,0.269,0.283,0.283,0.255,0.241,0.212,0.184,0.17,0.156,0.142,0.127,0.127,0.113,0.113,0.079,0.091,0.079,0.091,0.113,0.113,0.102,0.113,0.127,0.156,0.15,0.15,0.119,0.105,0.538,1.302,2.009,1.698,1.556,1.358,1.217,1.16,1.16,1.132,1.047,0.962,0.99,0.962,0.962,0.99,0.962,0.906,0.877,0.877,0.906,0.906,0.906,0.906,0.906,0.906,0.906,0.934,0.906,0.906,0.962,0.99,0.99,0.934,0.906,0.877,0.849,0.821,0.821,0.792,0.764,0.736,0.708,0.736,0.736,0.764,0.764,0.736,0.736,0.764,0.792,0.679,0.679,0.679,0.679,0.623,0.623,0.623,0.623,0.651,0.708,0.708,0.679,0.679,0.679,0.651,0.651,0.623,0.623,0.651,0.679,0.679,0.736,0.736,0.736,0.736,0.736,0.708,0.679,0.651,0.736,0.736,0.792
1991,0.821,0.906,0.906,0.877,0.906,0.906,0.877,0.849,0.821,0.934,1.104,2.179,1.641,1.556,1.443,1.528,1.5,3.368,9.735,18.282,24.989,25.555,29.149,39.054,49.808,63.109,69.618,88.579,103.012,128.482,148.292,164.706,183.384,201.213,217.061,228.947,241.116,252.719,265.454,276.208,285.83,294.32,299.98,302.81,305.64,308.47,305.64,299.98,294.32,288.66,278.472,267.435,254.7,240.55,222.721,213.665,201.496,187.629,177.441,163.291,156.782,210.269,239.701,243.946,244.229,252.436,267.152,285.83,305.64,319.79,331.11,339.6,345.26,348.09,350.92,350.92,353.75,362.24,365.07,365.07,359.41,353.75,350.92,345.26,336.77,331.11,316.96,299.98,291.49,271.397,258.096,237.154,224.985,209.703,194.987,179.422,168.385,153.103,137.255,126.218,118.294,106.408,94.805,89.994,82.636,74.995,70.184,78.391,75.278,70.184,70.184,65.656,70.184,101.031,102.729,95.654,86.881,81.504,74.146,64.524,59.713,55.751,48.959,46.129,40.186,36.79,39.337,37.073,33.96,31.979,32.262,32.262,32.262,30.847,29.149,28.13,26.63,31.413,31.413,31.13,31.979,32.262,31.413,39.337,47.261,55.185,63.109,71.316,75.561,76.41,76.127,82.07,88.013,87.73,88.296,96.22,124.52,123.671,122.539,121.407,120.275,112.917,107.257,101.597,98.201,93.673,86.315,82.636,76.41,75.561,72.165,67.071,61.694,57.449,55.185,80.089,80.938,96.786,101.88,91.975,89.711,91.975,92.824,91.126,89.994,88.862,89.428,86.315,83.768,81.221,93.956,110.936,161.593,168.668,158.48,145.745,130.463,123.954,116.596,103.012,101.314,98.767,96.786,95.937,95.937,95.371,93.956,91.692,91.126,89.145,92.541,124.803,148.858,160.178,172.63,186.78,184.233,179.422,183.95,184.799,188.761,194.704,200.93,203.76,207.722,210.269,212.533,212.816,212.533,208.854,206.024,201.779,197.817,195.836,190.742,189.61,175.177,168.102,158.48,164.989,162.442,159.046,159.046,159.046,157.348,153.952,150.556,145.745,136.406,128.482,116.313,107.257,96.22,86.032,78.108,68.203,61.128,54.902,50.657,44.148,39.903,37.639,34.243,34.243,30.847,28.866,26.206,23.829,24.083,22.866,22.074,21.282,20.744,20.121,20.602,21.904,24.168,25.357,24.932,23.489,21.508,19.952,18.989,17.886,17.121,16.188,15.282,14.292,13.414,12.905,12.537,11.971,11.49,10.782,10.301,9.905,9.48,9.226,8.943,8.688,8.037,7.584,7.273,7.018,6.707,6.537,6.424,6.169,5.802,5.632,5.518,5.292,5.122,5.009,4.896,4.67,4.67,4.5,4.386,4.047,4.047,3.99,3.877,3.877,3.764,3.736,3.679,3.453,3.311,3.198,3.141,3.254,3.141,3.113,3.113,3.113,3.056,3.509,3.453,3.311,3.254,3.198,3.254,3.141,3.141,3.141,3.0,3.0,3.0,2.943,2.858,2.688,2.688,2.688,2.66,2.745,2.802,2.858,2.858,2.858,2.802,2.802,2.802,2.858,2.887
1992,2.943,3.0,3.198,3.141,3.141,3.198,3.311,3.311,3.254,3.311,3.368,3.368,3.396,12.395,9.084,9.226,8.688,8.377,8.943,9.764,10.641,11.207,12.537,17.037,17.97,19.47,20.121,24.083,29.149,32.828,36.224,37.639,39.054,39.903,41.035,43.016,45.846,50.94,56.317,58.864,61.128,63.392,66.505,68.486,71.599,74.146,76.41,78.391,84.051,86.315,88.013,89.145,89.711,91.126,91.692,92.824,92.541,92.258,89.711,85.183,82.919,80.655,75.844,73.863,70.184,72.448,70.184,67.92,68.486,69.052,69.335,67.92,66.505,65.09,64.807,62.826,60.845,58.581,61.411,59.713,57.449,56.883,56.317,55.185,81.787,84.334,78.108,76.41,76.41,76.693,76.693,75.561,73.014,70.467,67.92,64.807,60.562,57.166,55.185,51.223,63.958,76.41,77.259,73.863,69.335,59.713,52.921,58.298,55.468,52.355,59.43,61.128,62.543,62.543,62.543,62.543,61.694,56.6,52.355,49.242,45.28,41.318,37.639,34.809,29.998,26.489,24.338,21.904,19.555,17.97,17.121,14.886,14.008,13.414,13.273,13.046,12.48,11.688,10.641,9.424,8.575,7.981,7.33,6.962,6.537,6.056,5.632,5.236,5.575,6.169,6.792,6.905,6.962,6.537,7.471,8.688,8.83,8.943,9.084,9.226,11.348,13.867,16.188,16.272,26.064,32.545,31.13,29.998,33.111,35.092,31.13,25.017,22.923,20.857,18.763,19.244,20.433,21.084,21.338,24.338,28.045,31.413,43.582,50.657,49.242,72.731,43.016,37.922,34.243,32.828,29.149,24.678,23.829,23.008,19.64,20.687,20.376,17.97,16.272,15.876,15.339,16.272,20.036,23.178,25.272,27.791,29.715,30.564,29.998,29.149,27.876,28.583,29.432,28.045,26.828,25.102,22.498,21.423,23.093,28.045,33.394,38.488,35.658,32.828,32.828,32.828,42.733,63.958,68.486,69.901,71.316,71.316,72.731,79.523,85.183,92.824,94.805,100.748,104.427,107.823,109.804,107.54,105.559,99.899,90.277,86.032,78.957,72.448,67.354,65.656,64.241,65.656,64.807,65.09,62.26,59.43,55.751,52.072,49.808,47.827,45.28,42.733,38.771,37.073,33.96,31.696,29.715,27.253,25.442,23.574,22.583,21.338,20.121,19.159,18.055,19.725,102.163,103.012,102.163,99.616,102.163,106.974,107.823,105.842,104.71,102.163,99.616,97.635,95.654,93.673,91.409,89.994,86.598,83.202,79.806,74.995,71.033,67.071,63.675,58.581,55.185,52.072,47.827,44.997,43.016,40.752,38.771,36.79,35.092,33.394,30.847,29.715,28.102,26.574,24.564,23.97,23.461,24.395,25.017,24.847,24.31,23.206,22.697,22.131,25.442,28.866,30.564,31.413,31.696,34.526,41.035,56.317,65.373,74.995,82.919,91.692,95.937,104.71,113.766,121.973,127.916,133.293,134.991,136.972,137.255,133.576,129.614,124.803,118.86,112.917,106.691,99.05,94.522,88.579,83.768,78.108,75.561,71.316,67.92,64.807,61.694,58.864,55.468,52.921,50.657
1993,48.676,46.412,44.431,42.733,41.601,40.469,39.903,51.223,63.392,72.165,75.844,89.428,104.427,126.784,137.255,152.82,172.347,181.686,188.478,195.553,202.062,209.986,218.193,223.853,227.249,227.815,228.381,224.985,218.759,210.835,198.383,192.157,181.403,170.649,159.895,149.424,139.519,130.463,128.482,125.652,123.388,124.237,129.048,130.18,128.765,127.35,123.954,122.256,119.426,115.464,111.219,107.257,104.144,101.597,97.635,93.956,89.994,87.164,83.768,81.221,76.976,74.995,82.636,86.881,84.9,83.485,82.636,80.938,77.542,75.561,71.882,77.542,77.542,74.995,72.731,71.882,74.712,75.844,75.844,75.844,75.844,75.561,75.561,75.278,76.693,94.522,99.05,102.446,109.238,116.03,119.426,119.709,118.86,117.162,115.464,115.181,115.747,118.577,125.086,130.463,134.991,138.387,141.783,142.632,142.632,142.066,137.821,135.274,130.463,122.256,116.596,110.087,100.465,93.673,84.334,80.372,73.58,66.788,63.109,57.449,50.94,46.978,44.431,41.035,37.356,35.375,31.13,29.432,26.574,24.678,22.046,20.234,18.536,17.121,15.763,14.716,13.697,12.395,11.575,10.754,10.273,9.565,9.113,8.716,8.264,8.037,7.641,7.641,7.358,7.16,6.962,9.282,7.584,6.905,6.566,6.169,5.802,5.745,5.688,5.632,5.434,5.264,5.632,5.688,5.745,5.688,5.49,5.434,5.434,5.434,5.49,5.547,5.547,5.745,5.434,5.32,4.783,4.16,4.104,4.783,4.217,5.32,4.726,4.273,4.16,4.047,4.16,5.009,5.207,5.009,5.207,5.32,5.207,5.207,5.122,5.32,5.122,5.264,5.434,5.547,5.32,5.434,5.32,5.32,5.745,5.377,4.67,4.047,3.17,2.688,2.632,2.745,2.406,2.151,1.811,1.585,1.67,1.302,1.217,1.075,1.047,0.962,0.962,0.962,0.906,0.877,0.906,0.849,0.792,0.764,0.792,0.849,0.792,0.736,0.792,0.792,0.764,0.792,0.849,0.849,0.934,0.877,0.934,1.132,1.217,1.132,1.104,1.019,1.019,1.075,1.075,1.075,1.217,1.443,1.585,1.528,1.443,1.472,1.67,2.009,1.896,2.038,3.028,3.707,3.622,3.849,4.415,3.764,3.254,2.773,2.434,2.009,1.726,1.415,1.302,1.217,1.047,0.99,0.99,1.075,1.104,1.189,1.104,1.047,0.99,0.934,0.906,0.906,1.019,1.075,0.962,0.934,0.934,0.962,0.934,0.962,0.934,0.877,0.849,0.849,0.821,0.821,1.415,2.858,5.575,7.613,6.084,5.49,5.349,9.282,18.989,25.215,21.48,27.055,39.62,43.016,38.771,33.677,29.715,26.828,24.678,23.376,22.668,22.046,21.565,20.716,20.008,19.131,18.508,17.886,17.518,17.15,17.178,16.782,16.244,15.735,14.914,14.178,14.065,13.952,13.358,12.961,12.509,12.395,12.112,11.829,11.829,11.235,11.065,10.669,10.301,10.018,9.792,9.65,11.405,12.933,14.574,15.706,18.14,20.376,20.914,20.178,19.697,19.867,20.065
1994,19.867,32.545,49.242,55.751,57.449,56.6,54.902,53.204,52.355,51.223,49.242,47.827,47.827,55.185,64.241,63.675,63.109,72.448,82.07,83.202,82.919,82.07,81.221,80.089,78.108,75.844,74.146,73.863,86.315,145.745,185.365,200.364,203.477,207.156,212.25,220.174,228.947,237.437,246.21,253.851,259.511,264.039,267.435,267.435,266.02,262.341,255.832,249.04,239.135,229.23,221.589,212.25,203.76,193.855,187.346,176.592,166.97,155.65,146.028,134.142,179.139,203.194,204.043,205.175,208.005,212.25,218.193,223.853,228.947,232.626,233.758,233.192,232.909,230.362,226.117,220.74,213.948,204.892,194.138,187.912,174.328,159.895,149.707,134.142,129.331,117.445,111.785,110.936,112.634,109.804,105.842,101.597,99.05,95.654,89.994,84.9,81.221,75.844,71.599,67.637,63.109,58.581,54.619,53.77,53.204,49.525,46.412,45.28,41.884,39.054,38.488,36.507,33.96,32.262,31.13,28.866,26.291,24.338,22.64,21.451,20.744,19.612,21.366,22.074,20.234,18.961,17.489,16.697,15.65,14.546,14.15,13.584,12.735,12.141,12.056,11.631,11.15,10.612,10.471,10.131,9.113,7.952,7.047,5.32,4.67,4.188,3.538,3.283,3.113,2.972,3.538,3.056,2.858,2.66,2.321,2.575,8.603,11.886,11.518,11.235,11.518,12.99,12.339,11.575,10.669,9.848,9.396,20.008,20.659,20.234,19.527,19.838,19.838,18.508,21.225,24.027,34.809,41.601,37.922,29.998,26.8,22.017,21.876,22.527,25.781,28.866,29.715,27.423,25.102,23.602,22.782,24.027,24.762,23.772,22.782,20.404,18.112,16.64,15.282,14.15,13.726,13.584,18.593,21.961,25.781,27.932,28.017,27.847,29.149,29.715,29.715,29.998,31.13,30.564,28.866,27.253,25.017,22.923,21.706,21.31,22.187,22.527,22.47,21.366,20.8,19.923,19.357,19.131,21.366,24.678,29.715,29.998,30.847,32.828,32.545,30.281,28.017,24.847,22.612,21.225,19.923,18.197,17.801,17.886,17.178,16.499,16.414,16.046,15.848,15.565,15.282,14.546,14.15,13.867,13.726,13.018,12.509,12.424,12.141,13.81,18.338,18.82,18.82,18.735,18.65,18.593,28.3,34.526,34.243,30.281,28.272,26.97,25.102,24.338,26.545,54.336,103.861,125.369,115.464,103.861,96.503,93.956,94.522,101.314,153.386,186.78,182.818,177.158,175.177,173.762,173.479,175.177,176.592,178.573,179.422,180.271,179.139,177.158,172.347,169.8,163.291,157.914,151.405,144.896,135.84,127.916,123.954,117.445,113.483,108.955,103.861,97.069,91.126,87.73,83.202,78.674,73.58,68.769,64.524,62.543,59.996,56.6,52.072,52.072,49.808,48.393,45.846,44.431,43.299,41.601,40.469,39.62,38.205,36.79,36.224,35.092,33.677,33.111,32.545,31.413,31.13,30.281,29.715,28.583,28.866,28.866,29.149,29.432,29.715,29.715,30.281,30.847,31.13,31.413,31.979,32.545,33.111,33.96,34.243,34.526,34.809,35.092,35.375,35.375,35.658
1995,35.658,35.941,35.658,35.092,34.809,34.243,40.186,39.337,37.922,37.073,36.507,36.224,35.941,38.771,61.977,64.807,64.241,64.807,66.788,69.901,72.165,73.297,74.712,82.07,85.183,87.73,89.994,91.975,93.956,94.805,95.654,95.654,95.937,95.088,94.522,93.39,92.541,90.56,88.862,86.881,84.617,82.07,88.296,90.277,90.56,90.843,91.975,93.107,93.956,94.522,96.22,99.616,101.88,103.861,106.974,108.955,110.37,110.936,110.087,108.672,106.691,104.427,100.182,98.484,96.22,93.956,92.258,92.541,90.277,87.447,84.9,82.636,79.523,75.844,73.863,73.58,73.297,88.579,97.918,99.616,99.333,99.05,96.786,93.956,88.862,85.749,78.674,75.561,70.75,74.995,78.674,84.051,80.372,74.712,71.033,72.165,79.806,76.41,74.429,72.731,69.335,67.071,65.09,61.128,57.166,52.072,50.091,46.129,42.733,39.62,35.941,33.394,30.281,28.866,26.376,24.281,23.178,22.017,21.14,19.923,18.508,17.178,15.735,15.197,14.008,12.792,11.433,10.669,8.66,7.499,7.132,6.934,6.934,6.622,6.452,5.83,5.603,5.207,4.5,4.556,3.849,3.792,4.132,4.075,3.962,3.905,3.962,4.075,4.019,3.736,3.481,3.113,3.962,4.896,5.66,6.679,11.858,15.367,17.489,18.593,19.046,18.961,19.131,19.838,19.301,19.046,19.046,19.357,19.357,19.357,19.216,18.961,18.508,18.593,17.093,17.886,19.131,18.904,18.197,18.338,17.574,16.64,15.282,13.81,13.301,12.452,11.914,11.037,9.905,9.056,8.15,7.782,7.358,7.047,7.499,7.047,6.368,6.764,9.792,10.811,11.716,12.282,12.735,11.631,13.358,12.933,20.8,19.442,18.961,19.357,20.008,20.008,20.319,19.442,20.885,21.791,21.876,21.621,20.885,19.81,18.395,16.98,15.367,12.339,13.216,12.65,10.867,9.452,8.207,7.132,6.311,7.499,9.65,9.254,7.754,7.132,8.462,11.575,18.593,22.697,26.545,26.178,25.527,25.781,26.291,26.545,26.885,27.253,27.762,28.3,28.583,27.592,27.423,26.97,25.612,24.196,23.517,26.715,25.102,23.348,22.272,20.885,19.357,18.735,18.395,16.98,16.64,20.093,24.055,28.3,35.092,36.507,36.507,36.507,36.507,35.375,33.677,33.394,30.564,28.866,26.291,25.017,23.178,21.451,20.178,18.961,17.716,21.791,22.357,20.319,19.216,18.508,17.631,16.188,15.282,14.914,14.15,13.358,12.792,12.452,12.056,11.009,10.33,9.707,9.311,12.197,10.811,10.131,9.594,9.056,8.49,9.565,9.792,10.33,10.669,10.867,10.867,10.754,10.669,10.386,9.848,9.452,9.254,9.056,8.801,8.207,7.754,7.556,7.358,7.075,6.934,6.679,6.99,7.132,6.99,7.047,7.132,6.877,6.679,6.566,6.622,6.566,6.452,6.509,6.509,6.65,6.934,6.99,6.82,6.877,6.877,6.82,7.556,7.867,8.066,7.867,7.782,7.698,7.924,8.066,7.301,7.245,7.132,7.047,6.934
1996,7.216,7.613,9.113,12.056,13.952,14.093,14.32,14.15,14.15,14.15,13.952,14.008,13.81,13.499,13.301,12.933,12.65,12.424,12.339,11.999,11.631,11.377,11.009,10.867,10.867,10.612,10.584,10.556,10.528,10.471,10.188,9.99,9.396,10.952,14.829,17.716,17.942,17.489,17.037,16.499,15.99,15.508,15.14,14.093,14.15,13.442,12.141,11.631,11.15,10.612,10.046,9.396,9.198,8.66,8.32,8.066,7.811,7.556,7.301,8.858,11.094,17.178,17.093,15.99,14.914,14.603,21.366,21.508,21.706,22.442,24.593,25.442,25.781,25.781,25.612,25.781,29.715,74.712,76.127,74.429,73.014,73.58,73.58,73.863,78.108,84.9,90.843,99.05,107.54,122.256,125.369,126.501,126.784,126.501,125.652,124.52,124.237,120.841,116.03,111.785,105.559,98.201,93.39,84.9,82.07,86.032,78.674,73.863,67.637,63.958,58.298,54.902,48.959,44.997,41.601,37.073,34.809,30.564,28.866,29.432,33.111,33.394,32.262,31.13,30.564,29.432,28.102,27.055,27.055,26.46,24.508,22.442,20.8,18.593,16.499,14.461,12.65,10.952,8.603,7.867,6.934,6.452,6.084,5.207,4.952,4.528,4.245,3.962,3.962,3.905,3.538,3.311,3.028,2.858,2.406,2.321,2.122,2.038,3.113,2.802,2.462,2.292,1.896,1.755,1.67,2.122,2.66,2.179,3.538,3.538,3.792,4.386,4.556,4.358,4.019,3.905,3.792,3.651,3.538,3.509,3.481,3.311,2.972,2.462,2.179,2.264,4.924,8.15,8.037,8.462,25.696,11.744,12.226,10.131,9.537,9.282,8.999,7.867,7.273,6.934,6.198,5.434,5.122,4.924,5.603,5.717,5.688,5.632,5.264,5.009,4.585,4.188,4.047,4.415,5.886,7.471,7.33,7.358,7.075,7.415,6.764,5.943,7.556,16.074,14.688,17.461,24.621,30.847,31.696,29.432,26.008,22.838,19.952,17.433,15.112,12.961,11.065,9.537,8.405,7.698,7.273,6.905,7.811,8.886,13.018,16.98,17.659,17.037,16.131,15.056,14.122,13.188,12.848,25.781,25.3,20.121,16.952,14.886,13.527,13.188,13.075,12.509,11.716,10.556,9.933,8.999,8.207,7.613,7.075,6.622,6.198,5.802,5.434,5.632,12.707,22.442,26.206,25.781,24.649,51.223,219.608,275.925,261.775,231.777,200.93,178.29,162.725,150.839,140.085,132.161,124.237,116.596,109.804,103.578,98.201,92.258,86.315,80.372,74.995,69.618,64.807,60.562,56.6,52.638,49.242,45.846,42.45,39.337,36.507,34.243,31.979,30.564,29.715,28.583,27.338,25.81,24.253,22.838,21.734,20.829,20.121,19.527,19.018,18.678,18.565,19.018,18.395,17.886,17.376,16.952,16.188,15.622,15.225,14.858,15.48,18.678,20.602,21.14,20.744,20.348,22.951,26.178,25.81,24.989,24.168,23.404,22.782,22.187,21.565,20.999,20.631,20.659,25.272,29.149,29.432,28.583,27.989,27.31,26.659,25.753,25.074,24.536,24.083,23.744,23.461
1997,23.064,22.668,22.244,21.791,21.621,24.338,26.602,27.621,37.356,58.581,63.109,60.845,58.581,57.166,55.751,56.317,57.449,57.166,56.6,56.034,55.751,55.468,55.185,54.902,56.034,60.845,61.694,61.694,61.411,69.052,75.561,75.561,74.712,74.146,73.297,71.882,70.184,67.92,66.222,64.807,63.392,61.128,58.864,57.166,56.6,58.864,61.694,61.411,60.562,59.713,59.713,60.279,61.977,65.939,67.92,70.467,75.561,80.938,84.9,88.296,91.692,93.956,95.371,95.654,94.522,92.258,89.428,86.032,82.07,78.108,74.429,70.184,68.769,67.071,64.241,61.411,59.147,56.6,54.336,54.053,60.279,59.996,58.581,57.166,71.033,96.22,102.729,98.484,93.956,88.862,83.202,77.542,72.165,66.505,60.845,55.468,50.657,46.412,42.733,39.054,35.658,32.828,30.281,27.791,25.47,23.348,21.593,20.178,18.735,17.461,16.244,15.254,21.932,25.272,24.281,22.555,40.752,58.581,75.561,73.863,63.109,55.751,50.374,45.846,41.884,39.337,37.073,35.658,34.243,33.111,31.696,31.413,33.96,35.375,34.809,33.677,32.262,30.564,29.149,28.866,29.149,27.847,25.555,23.97,30.281,33.96,34.243,38.488,37.356,36.79,35.092,37.922,41.318,39.903,38.488,37.073,35.941,35.092,34.243,32.545,31.13,29.715,35.375,34.526,32.545,31.979,29.432,26.46,24.31,23.687,27.989,34.243,31.979,32.545,38.488,33.677,34.526,35.092,35.658,40.469,43.016,45.846,52.072,50.657,47.261,49.525,58.015,50.94,64.524,67.071,64.524,62.543,59.147,55.468,50.94,45.563,41.601,39.337,37.922,36.79,35.941,36.507,34.809,33.677,32.262,28.866,26.149,28.866,33.394,31.413,29.715,29.149,46.978,105.276,133.859,140.368,145.745,150.273,154.235,158.197,160.178,160.461,159.612,157.631,155.367,151.971,145.745,138.104,130.463,121.973,115.464,110.37,104.71,98.201,89.994,80.938,71.599,63.392,56.883,50.94,44.997,39.62,35.375,31.696,28.3,25.413,22.923,20.687,18.678,16.923,15.339,13.895,12.622,11.546,10.839,10.131,9.424,8.801,8.122,7.245,6.707,6.169,5.66,5.236,4.839,4.528,4.188,4.188,4.075,4.104,4.302,4.33,4.075,3.82,3.566,3.311,3.141,3.0,2.858,2.717,2.519,2.349,2.207,2.066,1.981,1.868,1.783,1.726,2.009,2.688,3.226,3.226,3.0,2.915,2.802,2.717,2.66,3.028,2.943,8.631,14.32,24.791,28.583,31.413,38.771,50.374,58.298,63.675,67.354,71.316,75.561,79.806,83.768,86.881,89.428,91.409,95.088,97.918,98.201,98.201,98.201,97.918,97.069,94.805,92.824,90.56,88.579,86.032,83.202,80.372,77.259,74.429,72.165,74.995,78.108,78.391,78.108,78.674,79.24,79.24,78.391,77.542,76.693,81.221,88.013,89.428,95.371,103.012,112.068,118.294,123.388,127.633,131.029,133.293,134.708,134.991,134.991,136.123,141.217,143.481,147.726,152.254,155.084,156.782,156.782
1998,155.65,154.235,152.82,149.99,145.745,140.651,134.991,134.425,132.444,127.067,121.69,117.162,112.917,109.238,114.049,130.746,131.595,131.029,132.727,135.557,137.821,140.085,167.253,209.137,223.004,226.966,239.418,259.511,277.057,291.49,299.98,305.64,308.47,311.3,311.3,311.3,308.47,308.47,302.81,297.15,291.49,285.83,277.623,269.133,260.643,251.587,256.398,322.62,382.05,404.69,424.5,438.65,455.63,492.42,526.38,537.7,543.36,540.53,537.7,529.21,520.72,512.23,500.91,489.59,475.44,464.12,452.8,449.97,444.31,441.48,432.99,424.5,413.18,404.69,390.54,379.22,367.9,367.9,373.56,373.56,365.07,353.75,342.43,333.94,328.28,319.79,314.13,305.64,297.15,288.66,275.642,262.058,247.059,231.211,214.514,196.119,177.441,158.763,143.198,132.444,126.218,125.086,125.652,125.086,122.822,118.577,113.2,106.974,100.465,94.239,87.73,81.504,75.561,69.901,64.807,60.279,55.751,51.223,47.261,44.431,42.733,42.167,41.601,40.752,39.62,37.639,35.941,34.526,32.828,31.13,29.432,27.366,25.215,23.121,21.112,19.187,17.489,16.103,14.999,13.584,12.537,11.546,10.669,9.82,9.113,8.405,7.896,7.443,6.99,6.707,6.424,6.028,5.688,5.377,5.037,4.698,4.415,4.16,3.82,3.594,3.509,3.283,3.085,2.915,2.773,2.604,2.462,2.349,2.207,2.066,1.896,1.783,1.698,1.5,1.415,1.33,1.387,1.5,1.726,1.755,1.556,1.132,1.132,0.962,0.792,0.679,0.651,0.566,0.509,0.481,0.651,0.453,0.368,1.132,1.047,1.075,1.755,1.783,2.038,2.236,2.915,3.566,3.764,3.594,3.877,4.16,5.462,4.273,3.453,3.792,4.868,5.971,6.254,9.367,7.443,8.122,7.811,6.792,5.802,7.245,7.188,9.396,13.839,14.688,14.716,13.726,14.207,15.905,16.725,16.754,17.093,18.848,17.829,17.829,19.782,18.989,17.886,16.725,15.565,14.518,14.037,13.131,12.197,11.801,11.292,15.339,18.876,21.451,22.131,21.763,21.168,20.687,20.093,19.216,18.338,17.461,16.499,15.508,14.49,13.641,13.301,14.801,19.98,30.847,39.62,39.62,37.073,33.677,30.281,28.074,26.093,24.253,51.506,190.176,237.154,227.249,215.363,214.514,198.1,178.856,162.442,149.141,137.255,127.067,118.577,112.068,106.691,101.88,97.352,93.107,88.579,84.051,79.24,74.429,69.618,64.524,59.43,54.336,49.525,45.28,41.318,37.639,34.243,31.413,28.866,26.715,24.734,23.093,21.593,20.178,18.933,17.97,17.093,16.301,15.622,15.027,14.405,13.81,13.301,12.82,12.395,12.028,11.66,11.32,11.009,10.754,10.499,10.33,10.131,9.933,9.65,9.367,9.113,8.886,8.745,8.631,8.462,8.235,8.037,7.839,7.641,7.443,7.245,7.047,6.877,6.707,6.65,6.566,6.396,6.226,6.084,5.886,5.773,5.66,5.575,5.49,5.377,5.264,5.179,5.264,5.377,5.547,5.943,6.113,6.028
1999,6.113,6.169,6.905,7.245,7.782,7.867,7.839,7.839,7.952,8.15,8.15,8.264,8.292,8.235,8.235,8.179,8.292,8.716,8.971,8.83,8.858,8.745,9.933,20.829,23.998,24.706,24.027,23.772,23.461,23.149,22.866,22.98,24.168,25.838,27.876,29.149,29.715,29.998,29.998,29.998,29.715,29.432,29.149,28.583,27.847,27.196,26.545,25.894,25.413,24.904,24.423,23.63,22.668,21.706,20.885,20.121,19.357,18.621,18.395,18.112,17.603,17.206,16.612,15.933,15.395,14.886,14.207,13.697,13.244,12.707,12.226,11.744,11.773,12.112,12.226,12.169,11.914,11.603,11.235,10.924,10.584,10.301,10.046,9.679,9.622,9.198,8.801,8.433,8.094,7.754,7.528,7.443,7.33,7.245,7.047,6.735,6.424,6.141,5.83,5.518,5.179,4.839,4.5,4.245,4.019,3.849,3.679,3.509,3.368,3.254,3.198,3.085,2.972,2.858,2.745,2.66,2.575,2.915,3.538,2.83,2.688,2.575,2.519,2.49,2.462,2.49,2.66,2.745,2.575,2.406,2.377,2.406,2.434,2.434,2.321,2.207,2.066,2.009,1.924,1.84,1.726,1.585,1.472,1.302,1.245,1.047,0.877,0.764,0.651,0.594,0.566,0.509,0.481,0.481,0.623,0.594,0.821,0.849,0.764,0.538,0.453,0.453,0.453,0.368,0.396,0.396,0.453,1.189,1.415,1.047,0.736,0.906,1.019,1.019,0.934,0.906,0.934,1.132,1.33,1.556,2.151,2.236,2.009,1.981,1.896,2.122,2.462,2.773,3.0,4.104,4.386,4.104,4.104,3.509,3.368,3.339,3.226,3.141,3.622,4.358,4.67,4.556,4.726,5.037,5.236,5.632,5.349,4.952,4.726,4.5,4.217,3.934,3.679,3.424,3.424,3.113,2.972,2.858,2.858,2.773,2.972,3.085,2.858,2.688,2.604,2.519,2.773,2.802,2.717,2.688,2.575,2.462,2.377,2.462,2.632,2.632,2.773,3.028,3.198,3.453,3.736,4.075,4.132,3.82,3.566,3.339,3.141,3.0,2.83,2.717,2.604,2.519,2.434,2.434,2.349,2.236,2.151,2.066,2.009,1.953,2.321,2.943,3.17,2.773,2.49,2.462,2.434,2.377,2.547,5.32,12.537,17.32,13.98,10.499,8.377,7.132,6.509,6.113,6.084,6.339,6.283,6.028,5.802,5.575,5.405,5.207,4.981,4.839,4.67,4.528,4.386,4.33,4.188,4.019,3.962,3.934,3.905,3.764,3.566,3.396,3.283,3.17,3.085,3.0,2.972,3.622,3.254,3.085,3.085,3.085,3.028,2.972,2.915,2.887,2.83,2.773,2.717,2.632,2.575,2.519,2.462,2.406,2.377,2.349,2.349,2.236,2.236,2.236,2.207,2.207,2.151,2.122,2.151,2.122,2.066,2.038,2.038,2.066,2.066,2.122,2.122,2.066,2.066,2.038,2.038,2.009,2.122,2.688,2.264,2.179,2.207,2.236,2.321,2.377,2.434,2.575,2.632,2.66,2.632,2.604,2.632,2.632,2.632,2.604,2.604
2000,2.604,2.575,2.575,2.547,2.575,2.49,2.49,2.462,2.462,2.462,2.462,2.49,2.462,2.49,2.377,2.349,2.321,2.292,2.292,2.292,2.207,2.179,2.321,3.453,3.651,3.424,3.368,3.311,3.311,3.481,3.99,4.047,4.188,4.217,4.188,4.16,4.075,4.075,4.019,4.019,3.934,3.849,3.792,3.736,4.726,6.254,5.377,4.952,4.641,4.471,4.273,3.934,3.764,3.651,3.594,3.481,3.424,3.566,4.754,4.811,4.783,4.613,4.5,4.302,4.16,4.019,3.877,3.764,3.622,3.481,3.594,3.311,3.226,3.198,3.141,3.17,3.085,3.0,3.028,2.972,2.972,2.915,2.83,2.773,2.745,2.83,3.17,3.226,4.075,7.584,6.283,5.802,5.49,5.434,5.292,5.151,5.037,4.896,4.868,4.5,4.386,4.245,4.047,3.877,3.849,3.764,3.707,3.622,3.424,3.283,3.198,3.113,3.0,2.943,3.707,7.245,7.839,6.934,6.339,5.688,5.32,5.009,4.67,4.33,4.019,3.792,3.538,3.283,3.141,3.0,2.83,2.688,2.575,2.49,2.377,2.292,2.207,2.122,2.066,2.009,1.868,1.868,1.755,1.415,1.047,0.821,0.679,0.594,0.509,0.453,0.424,0.368,0.368,0.34,0.311,0.311,0.311,0.283,0.275,0.258,0.243,0.235,0.232,0.238,0.311,0.34,0.34,0.277,0.311,0.311,0.26,0.241,0.34,0.623,1.047,1.16,1.047,1.16,1.274,1.302,1.302,1.33,1.245,1.16,1.132,1.16,1.132,1.132,1.104,1.104,1.047,1.047,1.245,1.472,1.698,1.613,1.5,1.556,1.613,1.981,2.321,2.547,2.717,2.887,3.113,3.339,3.877,3.877,4.075,4.33,5.603,7.415,10.726,13.273,14.178,27.338,28.3,22.357,18.82,15.056,12.848,11.207,9.424,8.377,7.584,6.65,5.915,5.236,4.641,4.132,3.792,4.245,4.443,3.99,3.594,3.453,3.707,4.104,3.736,3.736,3.736,3.594,3.311,3.283,3.453,3.622,3.679,3.849,3.792,3.849,3.962,4.896,5.603,6.141,6.056,5.971,5.886,5.802,6.254,7.782,12.48,13.358,14.037,14.801,14.546,14.801,15.225,15.763,16.471,17.15,17.886,18.423,18.933,19.159,19.046,18.678,18.112,17.404,17.206,17.461,18.14,17.942,16.98,16.046,15.282,14.49,13.612,12.735,11.914,11.094,10.33,9.594,8.886,8.15,7.386,6.622,5.915,5.377,4.924,4.471,4.075,3.764,3.481,3.283,3.141,3.028,2.915,2.83,2.717,2.632,2.547,2.49,2.406,2.349,2.179,2.038,1.953,1.981,1.981,1.84,1.783,1.698,1.67,1.698,1.585,1.556,1.5,1.528,1.924,2.009,1.953,1.896,1.868,1.896,1.924,1.868,1.868,1.84,1.755,1.755,1.755,1.783,1.811,1.896,1.896,1.924,1.868,1.84,1.896,1.868,2.236,2.038,1.868,1.811,1.726,1.726,1.67,1.67,1.641,1.613,1.585,1.84,2.292,2.264,2.377
2001,2.462,2.688,2.802,2.887,2.972,3.085,3.198,3.339,3.368,3.339,3.424,3.622,3.622,3.651,3.679,3.679,3.651,3.594,3.594,3.877,3.707,3.934,4.019,3.934,3.877,3.736,3.622,3.538,3.481,3.481,3.509,3.594,3.736,4.104,4.5,4.981,5.179,5.122,5.094,4.952,4.811,4.698,4.528,4.415,4.33,4.273,4.245,4.245,4.104,3.99,3.877,3.764,3.651,3.566,3.453,3.339,3.538,3.509,3.254,3.17,2.943,2.802,3.538,3.707,3.792,3.962,4.047,3.99,3.99,3.934,3.962,6.877,8.943,16.357,19.555,19.329,19.895,21.168,25.498,29.998,33.677,34.243,34.526,34.809,35.092,35.092,35.092,35.092,35.941,36.507,36.507,35.941,35.375,34.526,33.394,32.262,31.413,30.564,29.432,27.876,26.262,24.762,23.348,21.932,20.744,19.952,19.131,18.621,17.744,14.348,11.773,10.103,8.716,7.584,6.82,6.028,5.349,4.896,4.443,4.019,3.651,3.339,3.056,2.802,2.575,2.377,2.151,1.896,1.641,1.472,1.302,1.189,1.075,0.99,0.906,0.849,0.792,0.736,0.679,0.623,0.594,0.566,0.538,0.481,0.453,0.424,0.424,0.396,0.424,0.481,0.424,0.396,0.453,0.424,0.396,0.396,0.368,0.368,0.396,0.34,0.453,0.679,2.575,10.726,29.149,32.262,30.564,27.649,25.215,24.819,27.338,31.13,33.394,35.375,36.507,37.073,36.79,35.375,33.677,31.979,31.13,30.847,31.413,34.526,39.62,43.016,41.884,41.318,38.771,37.073,36.507,34.809,31.979,29.149,29.432,33.111,30.564,28.243,27.168,25.979,24.536,23.064,21.423,20.291,19.301,19.131,19.838,20.574,20.631,20.489,20.687,24.451,29.715,32.828,31.979,31.696,31.979,39.054,49.242,48.393,45.28,41.318,37.073,32.828,29.432,26.432,24.451,23.489,22.668,21.65,21.027,20.97,20.15,18.961,17.037,14.603,12.65,11.037,9.707,8.716,7.641,6.905,6.339,6.113,6.735,6.905,7.132,9.028,12.452,15.339,16.272,14.263,12.848,11.858,11.178,10.867,11.462,11.037,10.245,9.48,8.575,7.726,6.99,6.311,6.0,7.301,8.405,9.82,10.697,9.877,8.575,7.443,6.452,5.66,5.037,4.556,4.16,3.849,3.622,3.453,3.17,2.972,2.813,2.694,2.572,2.471,2.357,2.256,2.038,1.834,1.692,1.61,1.542,1.477,1.412,1.339,1.305,1.39,1.279,1.121,1.019,0.974,0.945,0.923,0.92,0.908,0.897,0.897,0.852,0.79,0.747,0.724,0.685,0.676,0.674,0.668,0.659,0.674,0.682,0.665,0.645,0.603,0.594,0.58,0.574,0.569,0.577,0.614,0.62,0.62,0.6,0.58,0.572,0.577,0.586,0.586,0.569,0.569,0.558,0.552,0.558,0.543,0.58,0.62,0.62,0.623,0.631,0.634,0.637,0.699,0.722,0.795,0.727,0.696,0.674,0.651,0.657,1.03,0.962,0.795,0.719,0.719,0.781,0.798,0.787
2002,0.764,0.937,0.999,0.903,0.849,0.925,1.033,1.013,0.999,1.013,1.013,1.03,1.169,1.407,2.445,2.25,2.258,2.468,2.465,2.522,3.283,4.386,4.302,4.273,4.302,4.33,4.16,4.132,4.047,3.934,3.877,3.764,3.594,3.339,3.17,2.943,2.824,2.887,2.858,2.887,3.056,3.113,3.028,2.943,2.915,2.807,2.731,2.64,2.53,2.425,2.36,2.38,2.27,2.25,2.272,2.156,2.196,2.159,1.989,1.876,2.555,16.867,56.6,71.599,66.222,59.147,54.902,52.355,50.091,47.827,45.846,44.714,42.733,40.752,38.771,36.79,34.809,32.828,30.847,29.149,28.017,27.026,26.064,24.904,23.829,22.81,21.734,20.602,19.555,18.423,16.895,15.225,13.839,12.565,11.178,10.018,8.971,8.066,7.273,6.594,6.056,5.688,5.603,5.49,5.547,5.83,5.773,5.688,5.547,5.207,4.868,4.528,4.217,4.019,3.707,3.368,3.028,2.773,2.561,2.377,2.122,1.851,1.656,1.452,1.296,1.14,1.027,0.945,0.886,0.832,0.775,0.71,0.651,0.603,0.56,0.524,0.509,0.529,0.611,0.6,0.634,1.047,1.341,1.384,1.356,1.285,1.183,1.118,1.033,0.99,0.931,0.872,0.79,0.727,0.693,0.696,1.313,0.923,0.744,0.657,0.693,0.733,0.719,0.696,0.679,0.634,0.586,0.535,0.512,0.515,0.552,0.597,0.648,0.71,0.702,0.671,0.693,0.705,0.671,0.739,0.747,0.642,0.617,0.608,0.574,0.574,0.512,0.492,0.478,0.473,0.441,0.419,0.405,0.541,0.625,0.58,0.552,0.758,0.801,0.719,0.713,0.852,1.084,0.951,1.053,1.305,2.567,2.745,2.519,1.755,1.254,1.027,0.894,0.801,0.77,0.829,0.705,0.645,0.702,0.792,0.758,0.685,0.617,0.569,0.62,0.691,0.671,0.654,0.614,0.617,0.682,0.891,0.894,0.812,0.77,0.756,0.756,0.71,0.688,0.787,0.835,0.957,1.211,1.641,1.35,1.197,1.157,1.135,1.112,1.073,1.007,0.971,0.937,0.88,0.843,0.798,0.781,1.37,1.743,1.404,1.245,1.257,1.257,1.251,1.206,1.163,1.152,1.22,1.245,1.299,1.537,1.687,1.74,1.854,1.95,1.84,1.774,1.723,1.757,1.772,1.735,1.704,1.794,1.944,2.383,2.496,2.663,3.0,2.83,2.711,2.785,2.858,2.887,2.915,3.113,3.141,3.113,3.113,3.085,3.056,3.028,3.056,3.396,3.141,2.943,2.858,2.807,2.762,2.731,2.773,2.68,2.592,2.587,2.564,2.536,2.683,3.254,3.028,3.226,4.047,4.726,4.33,4.67,5.037,5.32,5.66,5.83,6.283,6.368,6.141,5.886,5.688,5.462,5.207,5.037,4.783,4.613,4.471,4.5,4.754,4.952,6.537,7.386,8.292,8.773,10.131,12.339,13.669,14.858,16.131,16.584,16.754,16.782,17.008,16.669,16.442,16.329,17.857,21.989,23.348,24.253,24.621,24.536,24.338,24.508
2003,27.876,31.13,32.828,33.111,32.828,32.545,32.262,31.979,31.413,30.847,30.281,29.149,28.158,27.281,26.517,25.583,24.762,23.8,22.98,22.216,21.565,21.168,20.8,20.093,19.442,18.876,18.282,17.32,16.499,15.82,15.169,14.546,13.839,13.188,12.82,12.395,12.056,16.697,18.423,18.933,20.234,20.885,21.084,20.829,20.404,20.15,21.31,26.97,29.715,30.281,29.432,28.866,29.432,37.639,43.865,45.28,44.714,53.204,74.712,87.73,108.955,138.67,164.14,181.12,198.1,206.59,220.74,237.72,266.02,283.0,305.64,311.3,314.13,316.96,319.79,322.62,322.62,322.62,322.62,322.62,322.62,319.79,316.96,314.13,308.47,302.81,297.15,288.66,281.585,272.529,261.775,249.323,236.871,222.721,207.722,192.44,176.875,160.178,149.424,139.236,129.048,121.407,115.464,110.653,106.125,102.729,95.088,91.126,85.183,79.806,74.995,71.316,67.354,63.958,62.26,62.26,60.562,58.581,56.6,55.185,54.053,52.072,50.091,48.11,45.563,43.299,40.752,37.922,35.092,32.545,29.998,27.394,24.168,21.197,18.565,15.48,13.329,11.886,12.876,17.688,25.385,29.715,35.092,41.035,44.997,47.261,47.544,46.412,43.865,40.469,36.79,33.111,29.149,25.838,24.847,25.074,26.064,27.479,33.111,41.035,46.978,50.091,53.204,56.6,60.279,64.807,69.335,70.75,71.599,72.165,71.882,71.599,71.316,71.033,69.901,68.203,66.222,63.958,61.128,55.751,50.091,46.412,44.714,43.299,41.884,40.752,38.205,35.941,34.809,31.979,30.847,29.149,27.423,25.81,25.017,25.187,25.47,26.319,25.64,24.791,24.338,23.489,22.414,21.65,21.282,22.442,26.291,26.998,26.97,26.998,26.63,26.347,25.781,26.828,28.3,28.3,29.432,30.281,31.413,36.79,44.148,43.299,41.601,40.469,40.469,39.903,39.337,39.337,39.337,40.469,41.318,43.016,44.997,48.11,54.336,54.336,54.336,55.185,56.317,57.449,58.298,58.581,59.996,59.713,58.015,57.732,58.581,58.298,55.751,52.355,50.657,50.374,50.374,48.959,46.412,43.299,40.186,37.073,34.243,31.413,28.866,26.46,24.225,22.329,20.716,19.612,18.904,17.546,18.82,21.932,19.357,17.999,16.159,13.556,11.263,10.273,9.452,8.716,8.094,7.641,7.16,6.99,7.216,7.471,8.83,9.707,10.697,11.773,12.084,12.254,12.141,11.744,11.235,10.528,9.679,9.028,8.348,7.754,7.188,7.528,9.282,22.555,28.866,26.8,24.876,23.574,22.782,22.498,22.895,23.97,25.442,26.545,26.8,26.404,25.781,25.017,24.225,23.348,22.498,21.932,21.423,20.97,20.829,20.602,20.263,19.838,19.272,18.763,18.225,17.461,16.782,16.216,15.82,15.367,15.027,14.376,13.726,13.188,12.707,12.141,11.518,10.952,10.414,10.16,9.905,9.509,9.226,9.707,10.924,12.169,12.99,12.678,12.452,12.226,11.943,11.744,11.603,11.801,11.716,11.688,11.546,11.377,11.235,11.122,10.98
2004,10.896,10.811,10.641,10.414,10.188,10.018,9.622,9.282,9.028,8.914,8.745,8.688,8.547,8.348,8.179,7.952,7.754,7.754,7.782,7.669,7.443,7.188,6.934,6.707,6.509,6.368,6.452,6.339,6.226,6.084,5.915,6.622,8.122,9.537,11.009,11.66,12.226,17.914,22.612,23.376,22.923,22.951,23.942,25.81,30.847,41.884,47.827,47.827,47.544,47.827,48.676,49.808,50.94,51.506,53.204,58.015,64.241,71.882,73.863,77.259,79.523,81.221,82.07,81.787,80.655,78.957,76.41,73.014,69.618,66.222,62.826,59.147,55.468,51.789,49.808,48.11,45.28,42.167,39.62,37.356,35.092,32.828,30.564,28.866,26.885,25.102,23.517,22.131,20.857,19.725,18.65,16.98,15.197,13.924,12.735,11.32,10.471,9.905,10.358,10.216,9.764,9.226,9.792,9.933,9.764,9.594,9.339,9.084,8.773,8.377,8.009,7.613,7.188,6.792,6.396,5.943,5.688,5.32,5.009,5.292,5.603,5.717,6.254,6.283,5.745,5.405,5.009,4.585,4.217,3.82,3.509,3.368,3.792,3.396,2.858,2.592,2.366,2.233,1.888,1.644,1.565,1.466,1.313,1.189,1.09,0.974,0.877,0.79,0.719,0.651,0.6,0.642,0.688,0.659,0.699,0.676,0.648,0.597,0.566,0.628,1.07,1.087,1.03,1.061,1.486,2.227,3.226,5.037,5.292,4.981,4.811,4.839,5.037,5.83,7.556,9.198,9.82,9.905,10.16,13.188,14.773,14.263,13.244,12.226,11.744,11.971,12.622,12.565,16.301,22.272,23.857,22.357,21.112,25.612,29.432,27.762,26.517,27.904,30.564,32.545,34.243,34.243,33.96,33.111,32.828,33.111,33.111,32.262,31.979,32.262,31.13,28.583,26.404,24.253,22.244,20.687,19.499,18.508,16.188,13.839,12.197,10.952,10.641,10.414,12.282,17.801,21.253,22.838,23.149,26.234,26.234,25.979,26.206,29.432,32.545,35.375,37.639,38.205,37.639,37.073,36.507,35.375,34.809,33.96,33.111,32.262,32.828,33.677,53.204,195.836,283.0,291.49,285.83,276.491,266.869,266.303,271.114,277.623,288.66,302.81,314.13,322.62,331.11,333.94,336.77,336.77,336.77,336.77,336.77,367.9,418.84,447.14,466.95,483.93,492.42,495.25,495.25,489.59,481.1,472.61,458.46,447.14,435.82,424.5,416.01,404.69,393.37,382.05,370.73,359.41,350.92,339.6,331.11,325.45,316.96,305.64,291.49,277.906,262.058,245.644,230.362,216.495,204.326,192.723,181.686,170.083,157.631,144.613,130.746,116.313,102.729,89.994,78.957,69.052,61.128,55.185,53.204,49.242,45.846,43.016,40.752,38.771,37.356,36.224,34.809,33.677,32.828,31.979,33.394,35.092,34.809,38.205,39.903,39.62,38.771,37.922,37.073,36.224,35.092,34.243,33.394,32.828,31.979,31.696,31.413,29.998,29.149,28.045,26.913,25.979,25.215,24.621,24.027,23.348,22.668,22.159,22.074,21.989,22.244,29.432,40.469,43.016,42.45,41.601,41.035
2005,40.469,39.903,39.337,38.771,37.922,37.356,36.507,35.941,35.092,34.526,33.96,33.677,33.111,34.809,37.356,38.205,38.488,37.922,37.356,37.073,36.79,36.224,35.658,34.526,33.394,32.262,31.413,30.564,29.432,30.847,32.262,32.545,32.545,32.828,33.111,33.111,32.828,32.262,31.696,31.13,30.564,29.432,28.583,27.479,26.772,26.489,26.291,26.121,25.64,24.989,24.338,23.8,23.348,22.98,23.178,24.649,29.149,35.092,73.297,89.145,90.277,88.013,87.164,87.447,87.447,86.881,89.428,93.673,93.956,92.824,91.409,89.428,86.881,84.334,86.315,106.974,114.049,115.747,116.879,117.162,118.011,121.973,128.765,150.273,196.685,221.589,230.079,229.513,228.947,232.343,241.682,268.567,294.32,314.13,319.79,328.28,331.11,342.43,353.75,359.41,359.41,359.41,359.41,356.58,350.92,342.43,333.94,328.28,322.62,314.13,302.81,294.32,264.039,236.871,221.872,213.948,206.307,188.761,172.064,157.348,155.367,150.273,139.519,128.482,119.709,117.728,114.615,108.672,101.031,93.39,86.315,79.806,73.863,67.92,61.128,54.902,51.223,48.676,44.431,41.035,39.337,37.922,36.79,35.375,34.243,32.545,31.413,30.281,28.583,27.338,26.63,25.668,24.31,23.659,23.149,23.093,27.253,31.979,34.243,34.526,35.092,36.507,46.695,63.958,82.07,80.372,81.221,80.089,77.542,75.278,69.335,63.675,58.864,54.336,50.657,48.11,47.544,48.11,52.921,61.694,82.353,101.597,112.634,131.595,149.99,158.763,164.706,169.8,174.611,178.29,184.516,193.006,198.383,198.383,196.402,195.553,194.421,192.44,189.044,182.252,172.347,161.31,148.575,134.991,121.69,109.521,99.05,90.843,84.051,78.108,75.844,77.542,73.58,68.203,72.165,77.259,98.484,118.011,119.426,121.69,125.086,127.633,127.067,124.52,120.558,114.615,109.238,104.144,98.484,92.541,87.164,81.787,76.41,71.033,65.939,63.109,61.694,63.958,69.901,74.146,76.127,77.542,78.957,78.108,75.844,72.448,67.637,62.826,57.732,52.921,48.393,44.431,40.752,37.356,34.526,31.979,29.432,27.196,25.159,23.348,21.819,20.546,19.47,18.31,17.008,16.782,18.848,19.329,19.753,19.923,19.64,19.018,18.565,18.904,18.678,17.546,16.527,16.301,16.414,19.216,20.744,21.876,23.546,24.649,25.385,25.612,25.442,24.932,24.196,23.348,22.442,21.565,20.744,20.234,19.584,18.82,20.121,20.206,20.093,19.98,19.64,19.187,18.593,17.688,16.527,15.452,14.292,13.358,12.509,11.801,11.15,10.641,10.216,9.905,9.509,9.141,8.801,8.49,8.207,7.981,7.698,7.358,7.075,6.877,7.245,7.556,7.811,8.235,8.037,7.811,7.726,8.066,12.141,12.65,11.631,11.405,10.867,10.414,10.386,11.518,11.716,14.546,26.998,28.3,27.394,26.744,26.206,25.838,25.725,26.206,26.687,43.582,51.789,49.808,47.827,46.695,45.846,45.28,47.827,50.94,49.808,48.393,47.261,45.28,43.582
2006,41.884,51.506,92.541,99.05,94.522,90.277,87.164,85.183,84.051,83.202,82.353,81.504,80.089,78.957,76.976,74.712,72.165,69.618,66.788,63.675,61.128,58.581,56.317,54.336,52.638,50.374,48.393,46.412,44.714,44.431,43.582,42.167,41.035,71.033,113.483,125.086,125.652,129.614,136.123,141.5,145.745,149.707,153.952,155.65,156.216,155.933,154.801,152.537,148.858,143.764,138.104,131.878,124.803,118.577,113.766,106.408,111.785,111.785,106.408,101.597,97.069,92.541,87.73,82.636,77.542,72.731,67.637,62.826,58.298,54.336,50.374,46.978,44.431,42.167,39.903,37.922,36.507,34.809,33.394,32.545,32.262,30.564,29.715,28.583,27.366,26.178,25.017,23.942,22.923,22.046,21.197,20.489,19.668,18.876,17.688,16.159,14.744,13.81,15.452,15.65,15.537,14.886,13.952,13.216,12.537,11.858,11.15,10.414,9.735,9.169,8.688,8.32,7.924,7.528,7.415,7.188,7.075,6.849,6.764,6.452,6.084,5.745,5.462,5.179,4.952,4.811,4.556,4.585,4.698,4.528,4.839,4.839,4.698,4.528,4.585,4.924,4.585,4.358,4.245,4.047,3.877,3.707,3.509,3.311,3.17,3.0,2.887,2.887,2.819,2.669,2.708,2.915,2.887,2.703,3.226,2.606,2.34,2.097,1.916,1.814,1.673,1.69,1.738,6.113,7.273,4.981,4.104,3.707,3.424,3.198,3.028,2.887,2.742,2.623,2.431,2.267,2.139,2.018,2.55,3.0,3.453,3.905,3.651,3.283,2.943,2.649,2.417,2.332,2.261,1.973,1.63,1.452,1.605,1.831,1.585,1.5,1.472,1.726,2.612,2.213,2.018,1.803,1.457,1.517,1.763,2.505,2.12,1.627,1.358,1.353,1.373,1.958,1.735,1.404,1.302,0.985,1.084,0.767,1.183,1.223,1.132,1.019,0.849,0.792,0.708,0.962,1.132,1.274,0.99,0.906,1.132,1.245,1.217,0.934,0.99,1.217,1.896,1.31,1.438,1.472,1.443,1.189,1.132,1.047,0.99,0.934,0.877,0.821,0.764,0.764,0.761,0.787,2.51,4.585,3.905,3.17,2.722,2.27,1.715,1.378,1.14,1.087,1.556,1.407,1.14,0.976,0.846,0.79,0.736,0.671,0.671,0.606,0.521,0.481,0.45,0.433,0.416,0.399,0.385,0.371,0.325,0.311,0.323,0.331,0.351,0.345,0.416,0.385,0.345,0.331,0.391,0.6,0.716,0.75,0.682,0.586,0.498,0.447,0.416,0.422,0.925,1.033,0.829,0.736,0.659,0.603,0.574,0.532,0.512,0.509,0.526,0.535,0.515,0.507,0.509,0.495,0.461,0.458,0.45,0.572,0.617,0.552,0.512,0.487,0.458,0.441,0.447,0.433,0.419,0.416,0.43,0.436,0.436,0.427,0.436,0.467,0.478,0.467,0.456,0.419,0.402,0.396,0.422,0.399,0.388,0.393,0.402,0.396,0.399,0.405,0.405,0.402,0.402,0.396,0.408,0.43,0.546,0.719,1.087,1.412,1.157,0.959,0.855,0.818,0.852
2007,2.346,3.311,2.972,2.335,2.179,3.339,5.066,4.641,4.104,3.622,3.113,2.779,2.567,2.422,2.287,2.179,2.012,1.84,1.738,1.647,1.548,1.571,1.517,1.438,1.63,1.757,1.656,2.397,3.679,3.594,3.113,3.056,9.82,14.688,12.99,11.263,10.075,9.198,8.575,8.009,7.641,7.499,7.415,7.415,7.528,7.499,7.499,7.33,7.132,6.792,6.594,6.481,6.509,6.339,6.169,6.0,5.83,5.518,5.236,4.952,5.49,7.556,7.896,7.499,7.103,6.679,6.368,6.084,5.858,5.745,5.603,5.434,5.236,5.009,4.839,4.528,4.16,3.877,3.622,3.339,3.113,2.887,2.688,2.496,2.309,2.148,1.978,1.828,1.664,1.514,1.39,1.276,1.183,1.098,1.002,0.891,0.804,0.73,0.699,0.662,0.657,0.645,0.614,0.569,0.713,1.03,0.838,0.716,0.648,0.594,0.558,0.532,0.501,0.475,0.456,0.444,0.43,0.413,0.399,0.357,0.334,0.32,0.3,0.283,0.273,0.268,0.249,0.222,0.272,0.306,0.3,0.282,0.27,0.262,0.258,0.243,0.245,0.282,0.245,0.228,0.212,0.185,0.174,0.173,0.162,0.155,0.144,0.138,0.134,0.13,0.121,0.117,0.473,1.027,0.897,1.05,1.081,0.764,0.558,0.436,0.393,0.374,0.362,0.475,0.62,0.645,0.642,0.775,0.86,0.795,0.906,1.296,1.307,1.293,1.573,1.494,1.274,1.05,0.88,0.801,0.792,0.696,0.617,0.577,0.583,0.574,0.614,0.736,0.807,0.801,0.775,0.682,0.617,0.583,0.611,0.807,0.906,0.781,0.719,0.625,0.563,0.524,0.586,0.577,0.657,0.795,1.092,1.409,2.459,2.773,2.445,2.287,2.516,2.428,6.084,14.461,19.272,18.452,15.678,13.867,13.329,12.565,11.603,10.839,11.716,19.159,23.319,22.272,19.018,15.763,12.99,10.839,8.943,7.443,6.424,5.518,4.528,3.962,3.594,4.104,3.679,3.339,3.736,4.33,4.33,4.585,5.292,6.169,5.773,4.783,4.104,3.736,3.424,3.198,3.198,3.453,3.538,4.386,5.83,6.311,5.971,5.745,5.717,5.858,5.773,6.622,7.669,8.405,8.603,8.094,7.415,7.075,6.849,6.424,5.943,5.575,5.179,7.33,10.641,12.339,16.499,19.329,20.291,20.829,20.942,21.084,21.084,20.942,20.8,20.659,20.518,24.649,34.526,39.337,40.186,42.167,44.431,44.714,43.582,41.884,39.62,37.356,35.375,33.111,31.413,29.715,28.3,26.036,24.423,22.923,21.536,19.952,19.244,18.791,18.338,17.857,17.121,16.414,15.735,14.999,14.292,13.697,13.103,12.537,11.999,11.603,11.178,10.641,10.216,9.792,9.339,8.858,8.49,8.094,7.698,7.33,7.018,6.735,6.566,6.368,6.198,6.028,5.858,5.717,5.603,5.462,5.462,5.434,5.434,5.688,5.688,5.886,6.198,6.283,6.311,6.339,6.452,6.566,6.679,6.707,6.849,7.047,7.216,7.358,7.471
2008,7.415,7.358,7.358,7.273,7.216,7.16,7.103,7.103,7.103,7.103,7.047,7.415,7.471,7.33,7.301,7.415,7.839,8.348,9.367,11.037,12.112,13.839,15.31,16.499,17.489,18.48,19.386,19.414,19.357,19.329,19.159,18.961,18.876,18.621,18.254,17.688,17.121,16.556,15.961,15.395,14.829,14.235,13.81,13.527,13.131,12.933,12.707,12.395,12.792,16.471,20.659,25.074,35.092,50.091,61.977,68.203,70.184,76.127,82.353,94.239,99.899,104.71,106.691,108.106,108.672,117.728,152.537,161.31,162.442,165.555,170.366,174.045,176.592,178.29,179.139,178.856,177.441,174.611,170.649,164.706,157.065,148.292,138.104,126.218,113.766,101.88,90.277,79.24,70.184,62.543,56.034,50.374,46.695,45.563,44.148,53.204,57.449,54.336,50.091,47.261,45.563,44.997,44.431,43.582,42.167,40.752,39.054,37.639,36.224,34.809,33.394,31.696,30.281,28.583,27.168,25.753,24.055,22.64,21.225,19.244,17.914,16.414,14.942,13.556,12.254,11.037,9.905,8.858,7.952,7.16,6.424,5.745,5.094,4.5,4.019,3.877,4.698,4.217,4.217,4.132,3.905,3.849,3.792,3.736,3.679,3.679,3.481,3.254,3.056,2.858,2.655,2.462,2.275,2.173,2.258,2.207,2.004,1.811,1.644,1.506,1.684,1.673,1.69,3.198,3.254,3.085,2.858,5.66,6.226,4.981,3.962,3.198,2.887,2.745,2.176,1.919,2.103,2.615,2.207,1.876,1.837,2.052,2.346,2.224,2.009,1.791,1.743,2.68,3.594,3.056,3.141,3.877,3.82,3.481,3.339,3.311,2.717,2.411,2.326,2.403,2.289,2.04,1.922,2.309,2.83,2.748,3.877,4.245,3.509,3.028,3.056,3.707,6.113,6.198,5.83,5.292,4.556,3.905,3.396,3.679,3.934,3.141,2.858,2.858,3.707,6.0,9.537,11.009,10.16,12.82,12.028,11.716,14.546,29.715,95.088,156.782,171.781,171.498,166.687,164.706,163.574,161.31,157.914,153.386,147.726,140.934,132.444,122.256,110.936,99.899,89.428,79.806,71.316,64.524,58.864,53.204,48.11,43.865,40.186,36.79,33.677,30.847,28.583,26.715,25.074,23.489,21.848,20.404,19.074,17.744,16.442,15.14,13.924,12.848,11.801,10.811,9.99,9.226,8.575,8.009,7.669,10.443,31.696,40.469,42.733,43.582,44.714,44.714,43.582,41.884,39.903,37.639,35.375,33.111,30.564,28.074,26.008,25.074,25.555,26.291,26.093,25.102,23.914,22.612,21.282,19.895,18.593,17.404,16.357,15.339,14.461,13.641,12.792,11.971,11.235,10.584,10.075,9.594,9.48,9.028,8.773,8.688,8.292,7.952,7.641,7.273,7.018,6.792,6.622,6.424,6.226,6.056,5.915,6.226,7.188,7.754,8.801,8.971,8.716,8.575,8.49,8.292,8.15,7.981,8.009,8.235,8.405,8.716,8.631,8.433,8.264,8.235,8.094,7.896,7.726,7.471,7.216,7.018,6.849,6.679,6.537,6.396,6.283,6.141,5.943
2009,5.745,5.575,5.434,5.292,5.207,5.094,5.094,4.924,4.811,4.698,4.641,4.698,4.839,5.236,5.32,5.547,5.462,5.264,5.292,5.207,5.066,4.924,4.754,4.641,4.585,4.528,4.5,4.528,5.32,6.311,6.764,7.047,6.849,6.679,6.537,6.424,6.226,5.971,5.745,5.603,5.462,5.32,5.264,5.037,5.207,5.349,5.292,5.264,5.151,6.396,7.358,7.245,7.358,6.905,6.481,6.169,5.943,5.773,5.603,5.915,6.0,6.113,6.339,6.198,6.113,5.943,5.688,5.49,5.292,5.236,5.264,5.405,5.575,5.83,6.198,6.566,6.82,6.905,6.849,6.65,6.481,6.368,6.311,6.113,5.943,5.886,6.056,6.0,6.084,7.188,20.518,62.26,125.935,150.839,158.48,167.536,179.988,195.27,208.854,219.042,225.834,230.079,230.645,229.513,225.551,221.306,216.212,210.835,205.741,200.364,194.987,189.893,184.799,179.705,174.611,168.668,161.876,154.801,144.33,131.029,117.445,104.993,93.673,83.485,74.146,66.222,58.581,51.789,45.846,40.469,35.941,31.413,27.536,24.196,21.423,19.074,17.518,18.084,18.904,22.414,33.111,52.355,59.996,73.58,77.825,82.636,95.088,105.276,113.483,116.879,116.879,116.596,116.313,114.898,113.2,113.483,114.332,116.596,119.426,119.143,118.577,116.879,114.615,111.219,106.691,101.314,94.805,88.013,80.938,76.41,71.882,65.939,59.996,53.77,47.544,42.167,37.356,33.111,29.149,25.866,22.923,20.404,18.536,17.291,16.584,16.301,15.82,14.942,14.376,14.122,14.348,14.858,16.697,17.574,17.263,17.942,18.791,21.678,23.319,24.48,25.3,25.442,25.13,24.48,23.546,22.753,22.159,21.678,21.197,20.093,20.659,21.734,21.961,21.31,21.282,21.65,20.546,19.357,18.961,19.301,20.999,21.536,19.867,17.857,16.018,14.461,13.839,17.801,26.008,28.583,29.149,29.715,31.413,33.96,35.375,34.809,32.828,30.847,30.564,31.13,32.545,30.847,28.187,25.894,24.253,22.98,23.036,22.697,20.97,18.536,16.216,14.405,12.961,11.773,11.263,13.358,13.386,14.914,14.858,14.574,15.112,14.093,13.924,13.131,12.395,11.263,10.726,10.98,10.641,10.443,9.679,8.943,8.094,7.33,6.735,6.283,5.971,5.858,6.0,6.452,7.047,6.962,6.566,6.169,5.802,5.603,5.434,5.49,5.405,5.236,5.971,6.622,6.424,6.056,5.688,5.377,5.094,4.754,4.5,4.273,4.104,3.962,3.905,3.905,3.82,3.651,3.453,3.283,3.141,2.972,2.827,2.734,2.618,2.731,3.056,2.858,2.972,3.141,3.056,2.887,2.779,2.722,2.663,2.558,2.468,2.49,2.516,2.479,3.0,3.113,2.972,2.943,2.887,2.782,2.708,2.822,3.396,3.056,4.754,5.518,6.792,8.518,9.254,10.612,11.037,15.424,24.819,22.895,22.414,22.583,22.527,23.404,24.762,25.159,25.612,25.753,25.668,25.357,25.725,28.583,29.998,30.564,30.564,30.281,29.715
2010,29.149,28.3,27.508,26.545,25.612,24.678,23.8,23.064,22.442,21.791,21.084,20.404,19.81,19.244,18.706,18.621,23.461,27.989,29.998,29.998,41.035,84.9,96.22,95.654,106.125,120.558,127.916,133.859,138.953,142.915,147.726,149.424,151.688,153.669,153.952,153.952,157.065,155.65,153.386,151.688,151.122,149.141,149.99,163.291,165.272,164.706,164.706,164.706,163.574,161.593,158.763,154.518,150.273,148.009,144.047,139.236,133.576,127.916,121.69,115.464,111.502,108.955,103.861,99.05,94.522,89.994,85.749,81.504,77.259,74.146,76.127,76.976,76.693,76.693,77.259,76.976,77.259,76.693,75.278,73.58,72.165,70.184,68.486,66.222,65.939,64.807,62.826,62.826,63.109,61.411,59.43,57.166,54.902,52.355,49.808,47.261,44.714,41.884,39.337,37.356,36.224,36.507,37.073,37.073,36.224,34.809,33.111,30.847,28.583,25.979,23.602,21.338,19.357,17.574,16.074,14.886,13.81,13.301,12.339,11.631,13.301,12.961,12.82,12.933,16.159,17.093,16.471,15.508,14.292,13.046,12.084,11.178,10.216,9.311,8.433,7.698,7.952,8.066,7.669,7.245,6.99,7.867,6.509,6.113,5.83,5.462,4.896,4.415,4.217,7.33,11.801,7.867,7.981,8.122,8.462,9.169,10.103,13.273,15.622,15.395,14.49,13.471,12.31,11.037,9.848,8.773,7.782,6.99,6.368,5.83,6.113,6.905,12.112,14.037,12.763,12.367,12.395,13.612,14.065,13.216,16.188,17.461,19.357,20.857,22.074,21.961,21.423,20.376,18.706,16.895,15.084,13.442,13.98,20.319,23.715,29.715,37.073,36.224,32.262,29.432,27.479,25.187,22.527,20.008,18.31,16.612,15.084,13.556,12.056,11.122,10.245,9.226,9.735,11.207,10.273,8.858,7.669,6.905,6.452,6.368,8.235,10.046,8.999,7.556,6.65,6.084,5.886,6.622,6.764,6.849,7.698,8.122,7.641,7.188,6.99,8.462,9.339,9.141,8.066,6.99,7.443,8.15,7.726,7.075,6.311,5.575,4.868,4.245,3.736,3.226,2.807,2.451,2.156,1.899,1.743,1.789,1.579,1.446,1.347,1.2,1.07,0.962,0.869,0.824,0.815,0.778,0.71,0.642,0.676,0.948,1.341,2.343,2.459,2.372,2.179,1.89,1.616,1.378,1.194,1.047,0.937,0.843,0.775,0.719,0.668,0.594,0.524,0.47,0.447,0.475,0.441,0.405,0.362,0.331,0.323,0.359,0.371,0.359,0.348,0.337,0.306,0.283,0.289,0.303,0.303,0.294,0.277,0.289,0.419,0.41,0.376,0.348,0.334,0.317,0.286,0.272,0.262,0.259,0.258,0.286,0.314,0.308,0.283,0.281,0.279,0.271,0.271,0.279,0.278,0.267,0.279,0.271,0.271,0.268,0.3,0.362,0.359,0.359,0.354,0.362,0.345,0.331,0.325,0.32,0.325,0.337,0.334,0.303,0.262,0.274,0.286,0.325,0.374,0.371,0.374,0.379,0.388,0.357,0.342,0.441,0.444,0.402,0.357,0.337,0.331
2011,0.337,0.47,0.591,0.549,0.524,0.75,0.792,0.671,0.594,0.642,0.773,0.736,0.719,0.71,0.716,0.71,0.889,1.126,1.259,1.242,1.16,1.036,0.863,0.775,1.03,3.594,3.99,3.254,2.742,2.462,2.323,2.205,2.165,2.179,2.275,2.391,2.479,3.141,6.594,7.669,10.782,16.386,16.867,15.395,14.065,13.131,12.367,11.801,11.235,10.612,9.933,9.396,8.858,8.32,7.754,7.33,6.962,6.537,6.169,5.858,5.462,5.122,4.783,4.5,4.273,3.99,3.679,3.509,5.32,6.707,6.396,6.141,5.971,5.688,5.434,5.094,4.698,4.302,3.934,3.566,3.226,2.943,2.697,2.417,2.151,1.981,1.936,1.862,2.36,6.028,6.594,6.792,6.707,6.396,7.132,9.056,10.245,10.556,10.018,9.367,8.603,7.924,7.301,6.65,6.028,5.434,5.094,4.556,4.047,3.566,3.113,2.754,2.425,2.117,1.823,1.582,1.341,1.245,1.545,1.265,1.692,2.247,2.321,1.973,1.528,1.206,1.013,0.894,0.824,0.767,0.702,0.634,0.563,0.543,0.733,0.719,0.634,0.529,0.433,0.371,0.325,0.297,0.264,0.24,0.217,0.192,0.178,0.161,0.147,0.133,0.123,0.116,0.11,0.099,0.107,0.101,0.08,0.078,0.075,0.071,0.067,0.065,0.066,0.071,0.065,0.058,0.157,0.137,0.109,0.093,0.077,0.067,0.063,0.058,0.049,0.07,0.145,0.161,0.245,0.207,0.334,0.351,0.289,0.203,0.158,0.133,0.116,0.106,0.103,0.099,0.106,0.163,0.252,0.271,0.323,0.323,0.289,0.261,0.439,0.778,0.954,0.937,0.79,0.764,0.923,0.804,0.682,0.696,0.674,0.651,0.696,0.778,1.63,2.018,2.335,2.555,2.626,2.618,2.915,3.905,3.905,3.82,3.792,3.934,4.047,3.962,4.188,4.019,3.651,3.198,2.887,2.437,2.018,1.723,1.497,1.392,1.126,0.988,0.883,0.744,0.606,0.526,0.501,0.47,0.405,0.362,0.331,0.424,0.501,0.416,0.334,0.277,0.235,0.218,0.203,0.188,0.166,0.151,0.133,0.142,0.162,0.145,0.127,0.126,0.156,0.213,0.308,0.41,0.45,0.478,0.473,0.433,0.388,0.334,0.297,0.269,0.243,0.221,0.205,0.194,0.201,0.244,0.439,0.71,0.696,0.555,0.464,0.405,0.43,0.456,0.498,0.611,0.608,0.577,0.552,0.524,0.498,0.473,0.436,0.405,0.393,0.47,0.45,0.399,0.365,0.328,0.303,0.294,0.283,0.268,0.271,0.266,0.256,0.241,0.22,0.196,0.188,0.189,0.195,0.203,0.325,0.416,0.348,0.297,0.273,0.252,0.311,0.374,0.348,0.308,0.277,0.279,0.306,0.311,0.325,0.323,0.328,0.337,0.337,0.334,0.331,0.334,0.32,0.314,0.308,0.427,0.555,0.529,0.507,0.56,0.606,0.625,0.625,0.606,0.586,0.569,0.558,0.552,0.515,0.498,0.49,0.487,0.458,0.424,0.408
2012,0.396,0.391,0.374,0.337,0.317,0.32,0.32,0.314,0.306,0.3,0.337,0.385,0.379,0.357,0.328,0.323,0.325,0.464,0.515,0.504,0.509,0.501,0.473,0.447,0.433,0.424,0.424,0.447,0.45,0.441,0.424,0.405,0.399,0.382,0.382,0.371,0.348,0.331,0.311,0.282,0.271,0.264,0.247,0.25,0.23,0.232,0.24,0.255,0.27,0.255,0.259,0.268,0.391,1.053,1.378,1.599,1.834,2.241,2.629,3.0,3.509,3.566,5.179,5.886,9.424,12.537,13.386,13.669,13.612,14.122,16.923,20.433,24.48,28.583,31.413,33.394,33.96,34.243,33.677,32.545,31.13,29.432,27.876,27.253,25.159,23.687,22.385,20.659,18.65,17.263,15.961,14.858,14.008,13.075,12.084,11.377,10.782,9.933,9.084,8.264,7.528,6.849,6.226,5.603,5.094,4.556,4.075,3.622,3.283,3.0,2.788,3.028,3.679,4.075,4.386,4.047,3.538,3.113,2.83,2.629,2.389,2.148,1.899,1.709,1.528,1.35,1.568,1.33,1.341,1.491,1.262,1.112,1.041,1.078,1.322,1.523,1.647,1.698,1.579,1.31,1.095,0.92,0.804,0.662,0.543,0.49,0.512,0.773,3.311,4.839,5.575,8.15,9.226,8.801,8.264,7.386,6.679,7.358,10.471,12.282,13.075,15.424,17.546,18.961,18.791,22.498,21.65,18.027,15.367,13.386,11.914,10.896,10.33,10.726,12.254,36.224,345.26,752.78,812.21,783.91,721.65,670.71,631.09,591.47,554.68,512.23,469.78,432.99,399.03,362.24,328.28,297.15,261.209,226.117,194.704,169.234,148.009,128.199,110.653,99.05,90.56,80.372,70.467,62.543,57.166,48.959,43.865,38.771,33.394,30.281,27.819,26.093,23.857,21.989,20.376,20.546,21.565,28.866,30.564,32.828,40.752,54.336,60.845,63.109,64.241,61.977,57.166,50.94,46.695,44.997,43.016,44.148,47.544,53.487,58.015,61.977,58.581,54.053,49.808,45.846,42.733,42.733,46.412,54.619,61.977,66.788,68.203,67.354,63.958,58.864,54.619,54.619,55.468,55.751,55.185,54.619,54.336,56.034,54.336,52.355,55.185,64.241,65.373,73.297,84.617,86.598,83.485,80.089,75.844,71.316,66.788,61.411,56.034,51.506,47.827,45.563,44.714,44.714,43.865,43.299,41.601,38.488,35.658,32.262,29.715,27.564,25.781,24.762,23.942,22.951,22.159,21.904,21.31,20.178,18.904,17.659,16.556,15.565,14.659,13.839,13.046,12.226,11.405,10.612,9.905,9.254,8.773,8.292,7.896,7.698,7.443,7.16,7.018,6.735,6.481,6.254,6.056,5.886,5.802,5.688,5.547,5.405,5.264,5.151,5.037,4.896,4.726,4.585,4.386,4.245,4.104,4.047,3.934,3.82,3.736,3.651,3.566,3.566,3.481,3.453,3.368,3.339,3.311,3.283,3.311,3.368,3.622,3.566,3.707,3.849,3.82,3.877,3.764,3.849,4.358,4.245,4.302,4.471,4.443,4.471,4.585,4.613,4.924,4.952,5.094
2013,5.575,5.518,5.405,5.518,5.547,5.802,5.943,5.83,5.83,5.802,5.717,5.603,5.518,5.377,5.264,5.122,4.924,4.698,4.471,4.358,4.188,4.047,3.905,3.764,3.651,3.566,3.481,3.339,3.283,3.226,3.339,3.141,3.113,3.17,3.056,3.0,2.972,2.943,2.972,2.887,2.887,2.915,2.83,2.799,2.751,2.626,2.516,2.425,2.306,2.213,2.236,2.122,2.094,2.499,4.075,11.688,45.28,63.675,70.184,73.014,75.844,79.24,82.919,87.73,92.541,95.654,94.522,89.711,82.636,74.712,67.637,61.977,57.166,52.921,49.525,46.695,44.148,42.167,40.186,38.488,36.507,35.941,54.336,78.391,85.466,78.957,76.976,77.259,78.108,78.674,78.957,78.957,78.957,82.07,84.334,87.447,88.013,88.013,87.164,85.749,83.485,80.655,76.976,73.297,71.316,69.618,66.505,63.675,60.845,60.279,61.128,69.901,83.485,82.353,80.089,77.825,75.844,73.297,73.014,78.108,85.749,86.315,91.126,101.314,103.295,102.729,101.314,99.05,95.654,91.692,86.598,82.07,77.259,72.731,67.92,63.392,58.864,54.336,50.091,49.808,47.544,44.714,42.167,39.62,36.79,33.96,31.413,28.866,26.574,24.168,21.791,19.499,17.518,16.612,17.603,18.14,19.668,30.847,41.318,46.129,49.525,51.506,53.487,54.902,55.468,56.034,55.185,53.77,51.506,48.959,46.978,46.978,49.242,61.128,68.486,86.315,101.597,98.484,92.824,93.107,95.088,104.144,120.841,143.481,159.329,176.309,185.365,186.78,186.78,187.346,187.346,184.516,180.271,174.045,165.838,155.933,147.16,138.67,130.463,123.388,118.294,119.426,119.143,119.992,117.728,116.03,113.2,113.766,111.502,109.521,107.257,104.993,108.955,108.389,107.54,107.823,108.389,109.521,112.351,111.502,110.653,109.521,106.974,103.295,98.484,93.107,87.447,81.504,77.825,77.825,86.032,88.862,90.56,92.258,98.201,110.653,117.162,117.728,114.898,111.502,108.389,106.974,114.049,115.181,112.351,111.502,107.257,103.578,100.465,99.899,93.107,86.881,81.787,76.693,72.165,67.637,63.109,58.864,54.336,50.091,45.563,41.884,38.488,35.375,32.545,30.281,30.281,31.696,32.545,33.677,32.828,31.696,30.564,29.149,27.451,25.612,23.772,21.876,20.234,18.763,17.518,16.442,15.508,14.659,13.895,13.103,12.367,11.688,11.178,10.754,10.301,9.848,9.396,9.113,9.226,9.056,8.688,8.745,8.433,8.037,7.726,7.386,7.018,6.679,6.452,7.811,7.132,7.415,7.641,7.273,6.99,6.707,6.452,6.226,5.971,5.745,5.462,5.207,5.094,5.037,4.952,5.151,5.434,5.207,5.32,5.207,5.037,4.839,4.613,5.179,6.311,6.254,7.358,7.641,7.386,7.16,7.047,6.962,6.849,6.679,6.537,6.368,6.283,7.075,7.698,7.528,7.273,7.245,8.037,8.235,9.877,11.065,11.207,11.292,11.377,11.433,11.49,11.716,11.914,12.395,12.678,12.848,14.858,16.442,16.612
2014,17.291,19.81,23.574,26.234,29.149,31.413,33.111,33.96,34.526,36.507,40.469,52.638,54.619,59.996,65.656,67.354,68.486,69.618,70.184,70.184,69.618,68.203,65.656,62.826,59.996,57.166,54.336,51.789,52.921,55.751,56.317,56.317,56.6,56.883,56.317,56.883,61.411,64.807,66.222,66.222,65.939,65.09,63.958,64.524,63.958,62.26,60.562,58.581,56.317,54.053,51.789,50.657,52.638,52.921,59.147,59.713,59.713,66.222,67.637,65.656,63.675,61.694,59.43,57.166,58.015,66.505,73.297,75.278,75.844,75.844,78.391,81.504,79.806,76.976,74.429,104.427,149.707,166.97,169.517,170.366,172.913,174.894,174.894,173.762,170.083,164.989,159.612,160.178,164.14,159.612,153.952,148.009,141.5,134.991,128.199,121.69,116.879,162.442,210.269,213.382,207.439,205.741,206.307,207.156,212.533,228.381,234.041,245.644,280.453,305.64,325.45,342.43,365.07,379.22,387.71,390.54,387.71,382.05,376.39,367.9,359.41,350.92,342.43,333.94,325.45,316.96,308.47,297.15,282.434,264.322,244.512,223.853,203.477,183.384,198.949,228.381,210.552,189.61,173.479,163.008,155.367,147.443,138.104,128.199,118.294,110.087,100.465,90.56,83.768,80.938,76.693,70.467,64.524,59.996,56.034,52.638,49.808,50.657,50.091,47.544,44.431,41.884,39.054,36.507,34.243,31.979,29.998,28.583,27.253,25.725,24.196,22.64,22.131,26.574,26.404,25.753,24.876,23.857,21.168,18.791,16.782,15.14,13.726,13.273,16.499,14.376,13.839,13.301,12.622,11.744,10.782,9.764,9.452,10.641,12.339,13.216,17.206,20.376,15.791,16.754,16.188,14.405,12.99,12.48,11.32,9.848,9.169,8.433,7.641,7.047,6.283,5.547,4.896,4.415,4.188,4.868,5.49,5.434,5.518,5.349,5.49,5.858,6.169,6.849,7.216,7.981,9.311,11.037,9.99,8.32,7.103,6.368,6.254,6.113,5.575,5.292,4.811,4.386,4.471,4.188,3.849,3.792,3.792,3.707,4.641,6.679,7.952,7.245,19.81,69.901,152.254,148.575,119.992,105.842,95.654,84.9,76.693,70.467,67.637,76.976,84.334,80.655,75.844,72.731,70.184,67.637,63.109,58.581,54.053,49.525,46.129,57.166,82.919,97.635,95.371,93.39,97.635,102.446,101.88,97.918,92.824,87.164,80.372,73.297,66.222,59.996,54.619,52.355,49.525,46.129,42.733,39.903,36.79,33.96,31.413,28.583,26.376,24.395,22.583,20.999,19.584,18.338,17.235,16.131,15.084,13.839,12.848,12.028,11.377,10.839,10.33,9.792,9.311,8.858,8.433,8.037,7.726,7.415,7.018,6.792,7.018,7.952,7.33,7.273,7.018,6.82,7.415,8.518,17.065,26.291,33.96,36.224,36.79,36.507,35.375,34.243,32.828,31.413,29.998,28.583,27.564,26.489,25.498,24.48,23.517,22.612,21.763,20.999,20.263,19.612,18.933,18.14,17.461,16.895,16.725,19.329,36.224,46.412,67.071,73.58,73.014,71.316,70.467,70.75,71.599
2015,71.316,70.467,70.184,70.184,71.882,73.863,74.429,74.429,74.429,74.429,73.58,73.297,73.58,73.297,72.731,73.58,73.58,73.297,72.448,71.316,69.901,68.486,72.165,110.087,121.407,122.539,125.369,129.331,132.444,134.142,134.708,133.859,133.576,132.727,129.614,141.217,154.235,156.499,158.48,160.744,162.725,162.159,160.461,156.782,151.688,145.745,138.67,132.727,129.614,123.954,118.011,112.917,108.389,104.144,99.899,96.786,109.238,123.105,127.35,133.293,140.368,145.179,148.292,149.424,149.141,147.726,144.896,141.5,137.538,132.444,127.633,124.237,119.992,115.464,111.502,107.54,103.012,98.484,95.371,90.843,86.032,82.919,84.9,84.051,81.504,80.372,79.523,77.542,74.995,72.448,69.901,66.505,62.543,58.864,55.751,52.921,49.242,45.563,42.45,39.62,37.073,34.809,33.677,32.545,32.262,33.111,34.243,35.375,36.507,39.054,41.884,42.45,42.167,41.035,39.903,45.28,49.808,46.695,43.865,41.035,37.922,34.526,31.696,29.149,26.602,24.225,22.131,20.178,18.31,16.64,15.084,13.697,12.509,11.348,10.33,9.396,8.575,7.924,7.499,8.716,9.056,7.415,6.396,5.603,5.009,4.613,5.236,5.773,5.83,5.462,4.896,4.839,4.556,5.122,5.462,7.782,8.886,7.528,6.396,5.688,5.83,6.424,6.537,5.943,5.66,4.981,4.16,3.509,3.028,2.587,2.304,2.043,1.933,1.944,1.8,2.448,2.584,2.417,2.802,5.094,8.348,17.631,17.659,16.499,14.574,14.008,13.188,12.735,14.207,15.424,14.773,13.386,11.575,11.801,11.688,9.877,9.169,9.622,9.367,10.273,15.678,17.574,20.546,38.488,42.45,46.412,42.733,36.79,34.809,33.394,31.979,30.281,27.366,27.14,33.394,37.922,39.337,40.752,43.299,56.883,58.864,55.751,51.789,47.544,43.299,38.771,37.073,55.185,44.431,38.205,39.62,42.167,43.865,43.016,43.582,40.752,36.507,35.092,36.507,35.941,37.922,38.771,37.639,38.771,40.752,54.053,64.241,68.769,79.806,81.221,86.881,93.956,94.239,91.975,89.428,95.088,95.371,90.843,85.466,80.089,75.844,72.165,67.637,62.826,59.147,57.166,55.185,52.072,48.676,46.129,43.299,42.45,41.601,40.752,43.299,43.299,42.733,42.167,41.035,39.62,37.922,36.224,34.526,32.828,31.696,30.847,29.432,27.706,25.725,23.744,21.763,19.867,18.197,16.81,15.622,14.603,13.641,12.82,12.056,11.433,10.98,10.556,10.245,9.82,9.339,8.886,8.518,8.207,8.009,7.924,7.782,7.811,8.745,10.443,12.226,12.848,12.537,12.084,11.603,11.15,10.726,10.414,10.414,11.122,11.801,12.084,11.716,11.32,10.98,10.556,10.273,9.99,9.735,9.424,8.631,8.348,8.009,7.669,7.415,7.103,6.82,6.65,6.452,6.254,6.056,5.915,5.717,5.603,5.518,5.377,5.377,6.113,6.622,6.82,6.679,6.594,7.216,7.754,8.575,8.575,8.207,7.867,7.584,7.386,7.188
2016,7.273,8.066,8.32,8.264,7.839,7.386,6.99,7.188,8.575,10.018,10.528,9.99,9.254,8.66,9.226,11.914,17.433,25.328,29.432,29.149,27.989,27.394,28.866,29.432,28.583,26.857,25.47,24.564,24.423,23.8,22.98,22.074,21.225,20.546,23.744,42.167,53.204,59.147,63.958,66.222,65.656,64.524,62.826,61.128,58.581,55.751,53.487,51.506,49.242,46.978,45.28,43.865,42.45,41.318,39.903,38.771,37.073,35.658,33.96,30.564,29.149,27.734,27.168,26.687,26.319,25.442,24.281,23.178,22.102,21.14,20.093,19.98,22.498,22.697,21.876,20.687,19.98,20.206,20.404,19.923,18.706,17.489,16.414,16.329,16.272,16.952,22.329,24.112,23.602,21.989,20.376,40.469,72.731,78.108,75.844,72.731,70.467,67.92,64.524,61.128,58.015,55.468,54.053,53.77,53.77,54.053,53.77,53.487,52.638,50.657,48.676,46.412,48.959,46.978,43.299,39.903,37.073,34.243,31.413,29.715,28.215,26.574,24.621,22.866,21.253,19.357,17.829,16.188,14.659,13.414,12.254,11.178,10.16,9.113,8.207,7.188,6.254,6.65,6.368,7.358,8.009,8.49,8.631,8.207,7.584,6.905,6.226,5.603,5.037,4.528,4.104,3.622,3.226,3.0,2.807,2.666,2.858,3.311,3.254,4.217,4.471,4.075,3.622,3.453,3.085,2.887,2.703,2.391,2.346,2.858,2.915,2.547,2.27,2.035,1.823,1.706,1.571,1.438,1.375,2.137,3.141,5.66,11.688,15.169,17.348,18.82,19.499,19.244,17.744,14.942,12.084,9.367,7.443,5.971,5.49,5.349,4.5,3.622,3.396,3.226,3.056,3.254,3.792,4.5,4.443,4.273,3.82,3.424,3.0,2.66,2.355,2.168,2.077,2.077,2.012,1.984,2.227,3.0,4.245,7.018,6.905,5.688,6.934,5.547,5.66,6.481,8.801,9.282,9.848,11.065,10.924,9.905,8.603,7.386,6.311,6.452,6.226,6.113,5.151,4.16,3.453,3.0,2.708,2.915,7.018,16.725,39.337,42.45,32.828,26.121,21.706,18.367,15.367,12.792,10.896,10.245,11.235,10.98,9.905,8.66,7.386,6.65,5.886,5.179,4.613,4.217,3.877,3.651,4.132,3.424,2.915,2.635,2.264,2.009,1.859,1.726,1.806,1.667,1.639,1.939,2.652,2.434,2.292,3.198,3.0,2.666,2.377,2.233,2.219,2.264,2.156,1.992,1.823,1.67,1.506,1.358,1.254,1.186,1.115,1.058,1.01,0.971,0.92,0.88,0.818,0.784,0.778,0.75,0.724,0.719,0.657,0.634,0.631,0.623,0.614,0.594,0.58,0.566,0.56,0.555,0.543,0.583,0.691,0.645,0.58,0.541,0.515,0.512,0.492,0.49,0.467,0.464,0.467,0.478,0.495,0.507,0.501,0.49,0.47,0.676,0.903,0.736,0.739,0.872,0.928,0.974,0.985,1.098,1.07,0.996,0.959,0.954,0.988,1.259,1.146,0.965,0.937,0.951,0.945,0.923,0.914,0.889,0.954,0.985,0.9
2017,0.809,0.781,1.421,1.896,1.573,1.353,2.623,2.72,2.425,2.626,2.638,2.516,2.4,2.292,2.199,2.097,1.973,1.848,1.763,1.684,1.605,3.085,4.698,9.084,15.678,19.159,21.621,23.093,23.857,24.791,25.696,26.715,27.904,29.149,30.564,31.696,32.545,33.111,34.243,34.809,35.375,35.375,35.658,35.658,35.375,34.526,33.677,32.262,30.847,29.432,27.904,26.489,25.244,24.112,23.291,23.517,23.744,23.404,22.697,21.819,20.885,19.782,18.565,17.348,16.216,15.112,14.15,13.273,12.452,11.603,10.839,9.962,9.679,9.198,9.084,8.858,8.405,7.981,7.556,7.188,6.849,6.424,6.0,5.632,5.32,5.009,4.754,4.415,4.104,3.82,3.538,3.226,2.972,4.924,5.518,6.0,6.339,5.32,4.556,4.075,3.82,3.622,3.396,3.198,3.0,2.793,2.592,2.4,2.202,1.998,1.817,1.582,1.418,1.31,1.183,1.09,1.002,0.937,0.852,0.773,0.716,0.671,0.606,0.541,0.498,0.47,0.444,0.413,0.382,0.34,0.271,0.265,0.269,0.348,0.368,0.345,0.306,0.281,0.258,0.239,0.233,0.239,0.26,0.481,0.863,0.688,0.518,0.436,0.382,0.376,0.376,0.379,0.368,0.362,0.376,0.475,1.03,2.148,4.245,5.009,8.405,8.943,9.509,10.273,17.348,24.225,24.451,21.48,18.65,17.348,19.81,21.734,22.046,21.536,20.291,18.82,17.008,15.735,15.169,15.48,16.414,19.81,20.631,19.159,17.857,16.018,14.122,13.895,13.81,12.876,12.112,11.037,10.216,10.046,9.848,8.433,7.273,6.396,6.169,7.103,7.726,8.292,8.066,10.273,14.688,15.791,15.905,18.423,25.357,21.565,18.452,28.045,33.111,25.781,40.752,54.902,49.242,41.884,35.375,30.281,27.592,27.508,29.998,30.281,27.904,25.979,27.819,25.159,22.725,23.914,35.092,32.828,35.092,40.752,37.073,34.243,30.564,27.338,24.593,22.583,20.772,19.159,17.631,16.216,15.14,14.292,15.99,17.121,18.084,17.518,17.178,16.527,16.018,141.217,279.604,285.83,277.34,262.058,244.795,231.777,225.551,224.419,224.985,225.834,226.117,224.702,222.721,219.608,214.514,207.722,200.647,191.874,182.818,173.762,163.008,150.839,137.821,124.237,111.219,100.465,91.692,84.617,78.674,73.014,68.203,64.807,61.977,59.713,57.166,54.336,51.789,48.676,45.563,43.016,40.469,38.488,36.507,34.243,31.979,29.998,28.243,26.46,24.338,22.414,20.659,19.102,17.801,16.697,15.706,14.829,14.065,13.329,12.65,11.943,11.377,11.009,10.641,10.245,9.82,9.396,8.999,8.631,8.292,7.952,7.641,7.613,7.499,7.669,7.471,7.358,7.16,6.934,6.679,6.481,6.311,6.169,6.0,5.83,5.66,5.745,6.905,7.613,11.178,13.075,14.008,14.292,13.924,13.527,13.103,12.537,11.999,11.49,11.065,10.669,10.414,10.075,9.82,9.565,9.367,9.141,8.83,8.66,8.83,8.971,9.339
2018,9.792,10.16,11.009,12.31,12.452,12.82,12.622,12.169,11.716,11.631,11.688,12.537,15.622,17.235,17.886,17.546,16.952,16.329,15.65,14.999,14.376,13.867,13.726,13.386,12.763,12.141,11.603,11.462,22.216,26.97,25.894,24.253,22.725,21.451,21.706,32.828,39.62,40.469,41.884,42.733,41.884,40.752,40.186,40.186,38.488,36.79,35.375,33.96,32.262,30.564,28.866,27.338,25.979,24.649,23.348,22.102,21.055,21.253,21.253,20.97,20.234,19.216,18.169,17.065,16.074,15.339,14.574,13.754,12.876,12.141,12.509,12.65,12.537,11.886,11.15,10.443,9.877,10.188,12.084,12.339,11.462,10.414,9.537,8.858,11.405,12.565,12.028,11.037,10.301,10.075,9.622,9.113,8.575,8.15,7.839,7.358,7.301,10.103,10.471,12.056,15.254,14.122,12.65,11.263,13.188,27.111,26.659,23.772,20.206,17.235,15.027,13.471,13.358,14.065,14.659,14.631,13.471,12.112,10.839,9.707,8.66,7.811,7.075,6.424,5.915,5.405,4.981,4.471,4.104,3.707,3.368,3.028,2.751,2.49,2.745,4.019,16.527,57.166,85.466,71.316,62.826,57.166,51.506,48.959,65.656,91.975,85.466,95.088,101.88,97.635,91.409,85.466,79.806,83.202,82.353,76.41,69.052,62.26,55.468,50.374,46.129,44.431,47.827,47.827,45.28,42.733,40.186,39.903,44.714,45.563,43.582,41.601,39.903,38.771,36.224,32.828,29.998,32.828,36.224,39.337,40.186,40.186,40.752,38.771,37.639,41.035,43.865,45.28,46.129,46.695,44.148,39.903,35.941,31.979,28.866,35.092,33.96,31.413,32.262,37.073,40.752,41.035,44.997,46.695,49.242,52.921,50.091,44.997,40.469,37.639,36.507,39.337,48.959,59.43,69.052,75.278,77.825,81.221,87.164,93.673,99.333,102.729,103.861,102.729,101.031,101.031,97.352,90.277,82.919,82.07,82.353,80.089,76.41,73.58,73.014,68.769,63.958,59.713,55.468,51.506,48.959,48.11,46.412,44.431,42.45,40.469,40.752,42.733,42.167,40.186,39.337,41.318,40.752,39.337,38.205,37.073,35.375,33.111,30.564,28.3,26.376,24.621,22.951,21.338,20.093,18.876,17.744,16.754,16.074,15.367,14.942,15.197,14.942,15.876,16.697,16.81,16.074,14.971,13.952,12.99,12.226,11.971,12.112,12.594,12.792,12.424,11.631,10.924,10.358,9.905,9.367,8.801,8.32,7.924,7.528,7.443,7.499,7.16,7.358,7.415,7.16,7.018,6.735,6.396,6.084,6.084,6.254,6.113,7.386,9.877,11.744,12.31,11.999,11.575,11.122,10.669,10.471,11.178,13.782,15.82,16.697,16.329,15.65,14.971,14.405,13.782,13.075,12.48,11.886,11.858,13.442,17.178,20.348,20.687,20.999,26.206,36.507,57.732,76.41,88.296,104.144,123.671,146.028,167.819,185.648,209.137,238.003,269.982,305.64,336.77,362.24,382.05,393.37,399.03,404.69,401.86,399.03,393.37,384.88,376.39,365.07,356.58,348.09,339.6,336.77
2019,333.94,331.11,328.28,325.45,322.62,316.96,308.47,299.98,288.66,275.076,260.36,244.229,227.815,211.684,195.553,179.139,162.725,146.311,130.18,118.294,107.823,99.05,92.258,99.616,110.653,109.521,107.823,108.672,109.238,108.389,106.125,103.295,101.88,101.314,101.597,102.446,103.012,103.861,103.861,103.295,102.163,100.748,99.05,97.635,96.503,94.805,93.673,92.541,90.843,89.145,87.73,86.032,83.768,81.787,79.523,77.542,74.429,71.599,69.052,67.354,71.316,75.561,76.41,76.41,75.844,74.146,72.165,70.467,68.486,66.222,64.524,63.675,62.826,61.977,60.845,59.713,58.581,57.166,55.468,53.77,51.789,49.808,47.544,45.28,43.016,41.318,39.054,36.507,33.96,31.979,29.998,28.866,27.904,26.828,26.942,26.659,25.244,23.829,22.612,21.366,20.093,18.904,17.914,17.15,16.329,15.225,14.15,13.103,12.933,13.273,13.131,12.905,12.084,11.178,10.386,9.962,9.367,8.914,8.462,7.896,7.358,6.934,6.566,6.339,7.811,11.943,12.31,11.603,11.094,10.471,9.877,9.169,8.603,8.094,7.584,7.103,6.594,6.169,5.773,5.349,4.924,4.471,4.047,3.736,3.481,3.198,2.943,2.677,2.454,2.272,2.117,2.165,1.907,1.723,1.568,1.455,1.415,1.469,1.46,1.599,1.715,1.644,2.063,2.623,1.995,1.599,1.432,1.358,1.262,1.276,1.489,1.78,1.673,1.687,1.602,1.46,1.257,1.056,0.934,0.917,1.624,1.296,0.982,0.872,1.633,3.622,9.056,14.405,11.292,9.764,9.848,12.367,10.188,13.527,15.169,13.499,11.207,9.905,11.744,14.546,15.961,15.027,14.631,15.254,16.81,30.564,36.79,30.281,25.64,25.187,23.715,18.65,15.254,17.32,17.801,14.008,11.773,9.933,8.207,7.188,6.339,5.518,4.896,4.471,4.104,3.736,3.481,3.622,4.698,13.726,16.923,21.112,22.81,20.206,17.688,15.961,15.084,14.546,14.065,13.669,13.188,12.622,11.886,12.792,13.98,13.301,12.678,11.631,10.612,9.537,8.518,7.754,7.103,6.509,5.943,5.434,4.924,4.443,3.99,3.509,3.028,2.601,2.23,1.933,1.706,1.511,1.35,1.163,1.095,1.104,1.044,0.891,0.778,0.671,0.815,0.818,0.645,0.659,0.693,0.73,0.778,0.736,0.682,0.648,0.617,0.594,0.586,0.583,0.761,0.804,0.733,0.787,0.874,0.809,0.857,0.891,0.792,0.753,0.753,0.857,0.974,0.951,1.016,1.07,1.401,1.491,1.658,1.692,1.67,1.63,1.545,1.466,1.466,1.44,1.412,1.44,1.412,1.336,5.122,4.613,3.792,3.934,4.075,4.047,4.047,4.019,3.849,3.792,3.566,3.339,3.17,3.056,2.887,2.768,2.615,2.615,2.476,2.36,2.287,2.205,2.134,2.077,2.006,2.001,2.009,2.026,2.858,4.132,5.462,5.349,5.179,6.226,5.971,5.858,5.717,5.688,10.443,20.97,26.97,28.583,28.866,28.3,28.3,28.583,28.3
