Year,01-01,01-02,01-03,01-04,01-05,01-06,01-07,01-08,01-09,01-10,01-11,01-12,01-13,01-14,01-15,01-16,01-17,01-18,01-19,01-20,01-21,01-22,01-23,01-24,01-25,01-26,01-27,01-28,01-29,01-30,01-31,02-01,02-02,02-03,02-04,02-05,02-06,02-07,02-08,02-09,02-10,02-11,02-12,02-13,02-14,02-15,02-16,02-17,02-18,02-19,02-20,02-21,02-22,02-23,02-24,02-25,02-26,02-27,02-28,03-01,03-02,03-03,03-04,03-05,03-06,03-07,03-08,03-09,03-10,03-11,03-12,03-13,03-14,03-15,03-16,03-17,03-18,03-19,03-20,03-21,03-22,03-23,03-24,03-25,03-26,03-27,03-28,03-29,03-30,03-31,04-01,04-02,04-03,04-04,04-05,04-06,04-07,04-08,04-09,04-10,04-11,04-12,04-13,04-14,04-15,04-16,04-17,04-18,04-19,04-20,04-21,04-22,04-23,04-24,04-25,04-26,04-27,04-28,04-29,04-30,05-01,05-02,05-03,05-04,05-05,05-06,05-07,05-08,05-09,05-10,05-11,05-12,05-13,05-14,05-15,05-16,05-17,05-18,05-19,05-20,05-21,05-22,05-23,05-24,05-25,05-26,05-27,05-28,05-29,05-30,05-31,06-01,06-02,06-03,06-04,06-05,06-06,06-07,06-08,06-09,06-10,06-11,06-12,06-13,06-14,06-15,06-16,06-17,06-18,06-19,06-20,06-21,06-22,06-23,06-24,06-25,06-26,06-27,06-28,06-29,06-30,07-01,07-02,07-03,07-04,07-05,07-06,07-07,07-08,07-09,07-10,07-11,07-12,07-13,07-14,07-15,07-16,07-17,07-18,07-19,07-20,07-21,07-22,07-23,07-24,07-25,07-26,07-27,07-28,07-29,07-30,07-31,08-01,08-02,08-03,08-04,08-05,08-06,08-07,08-08,08-09,08-10,08-11,08-12,08-13,08-14,08-15,08-16,08-17,08-18,08-19,08-20,08-21,08-22,08-23,08-24,08-25,08-26,08-27,08-28,08-29,08-30,08-31,09-01,09-02,09-03,09-04,09-05,09-06,09-07,09-08,09-09,09-10,09-11,09-12,09-13,09-14,09-15,09-16,09-17,09-18,09-19,09-20,09-21,09-22,09-23,09-24,09-25,09-26,09-27,09-28,09-29,09-30,10-01,10-02,10-03,10-04,10-05,10-06,10-07,10-08,10-09,10-10,10-11,10-12,10-13,10-14,10-15,10-16,10-17,10-18,10-19,10-20,10-21,10-22,10-23,10-24,10-25,10-26,10-27,10-28,10-29,10-30,10-31,11-01,11-02,11-03,11-04,11-05,11-06,11-07,11-08,11-09,11-10,11-11,11-12,11-13,11-14,11-15,11-16,11-17,11-18,11-19,11-20,11-21,11-22,11-23,11-24,11-25,11-26,11-27,11-28,11-29,11-30,12-01,12-02,12-03,12-04,12-05,12-06,12-07,12-08,12-09,12-10,12-11,12-12,12-13,12-14,12-15,12-16,12-17,12-18,12-19,12-20,12-21,12-22,12-23,12-24,12-25,12-26,12-27,12-28,12-29,12-30,12-31
1979,7.613,24.027,8.462,5.094,3.679,2.972,2.377,2.972,2.321,1.868,1.528,1.302,1.104,1.019,1.274,1.047,0.934,0.849,0.792,0.764,5.094,3.085,1.896,10.046,14.971,5.745,3.707,2.802,2.122,1.67,1.387,1.16,0.99,0.849,0.764,0.708,0.623,0.566,0.538,0.481,0.424,0.396,0.368,0.34,0.34,0.311,0.283,0.277,0.263,0.255,0.249,0.246,0.255,0.283,0.566,4.245,7.075,3.594,2.519,2.632,3.0,2.972,7.132,40.752,26.262,8.462,5.066,3.566,4.075,4.839,3.396,2.575,2.575,1.953,1.953,1.5,1.358,1.189,1.104,0.99,0.906,0.877,1.472,2.179,1.84,1.5,1.33,1.472,1.472,1.358,1.274,1.472,1.415,1.811,2.802,2.094,1.755,1.585,3.396,3.311,2.972,2.745,2.434,2.519,2.377,2.094,1.84,1.585,1.387,1.245,1.132,1.019,0.934,0.849,0.821,0.849,1.556,1.472,1.16,1.104,1.019,0.906,1.415,2.264,1.641,1.472,1.274,1.16,1.019,0.934,0.849,0.708,0.679,0.594,0.566,0.538,0.424,0.368,0.396,0.481,0.368,0.34,0.764,5.405,6.0,7.132,5.151,4.075,3.028,2.321,1.755,1.415,1.896,1.981,1.358,1.302,1.302,1.075,0.877,0.764,0.708,0.792,0.623,0.481,0.424,0.368,0.34,0.311,0.277,0.255,0.221,0.212,0.509,0.736,0.311,0.241,0.201,0.175,0.17,0.181,0.283,0.187,0.184,0.175,0.181,0.173,0.139,0.122,0.113,0.108,0.108,0.11,0.119,0.204,0.116,0.116,0.125,0.158,0.105,0.093,0.082,0.079,0.079,0.119,0.224,0.11,0.181,0.255,0.125,0.133,0.139,0.102,0.088,1.811,0.764,0.368,0.266,0.243,0.221,0.19,0.181,0.396,0.679,2.094,1.16,0.679,0.509,0.424,0.368,0.368,0.396,0.34,0.283,0.266,0.255,0.34,0.651,0.368,1.5,0.849,0.594,0.509,0.424,0.368,0.368,1.274,0.594,0.481,12.678,5.037,2.717,1.755,1.302,1.047,0.849,0.708,0.906,0.877,0.651,0.538,0.509,0.736,0.509,0.99,3.085,1.585,1.189,1.019,0.877,0.764,0.764,1.556,1.075,1.217,1.245,3.424,3.085,2.915,3.82,3.538,3.254,3.17,2.83,2.292,2.349,2.009,1.641,1.415,1.274,1.16,1.047,0.934,0.906,0.821,0.764,0.849,1.33,0.934,0.877,0.849,0.906,0.849,0.764,0.708,0.679,3.311,8.235,4.5,3.141,2.604,2.038,1.641,1.443,1.67,1.387,1.217,1.16,1.16,1.047,1.047,0.962,0.934,0.877,0.821,0.764,0.736,0.708,0.821,1.132,10.273,7.896,4.443,3.113,2.349,1.868,1.528,1.274,1.189,1.104,1.019,0.934,0.877,0.736,0.708,0.679,0.708,1.132,1.019,0.792,0.708,0.651,0.594,0.651,0.708,0.623,0.594,0.566,0.849,5.32,3.99,2.887,2.236,1.868,1.556,1.33
1980,1.189,0.99,0.877,0.792,0.708,0.651,0.594,0.538,0.481,0.453,0.424,0.453,1.698,2.547,2.207,1.556,1.358,1.302,1.189,1.104,0.99,0.821,0.736,0.679,0.623,0.566,0.538,0.509,0.481,0.424,0.396,0.368,0.34,0.311,0.311,0.283,0.283,0.277,0.272,0.266,0.26,0.255,0.249,0.246,0.243,0.238,0.232,0.226,0.221,0.215,0.209,0.283,0.566,1.274,0.849,0.424,0.34,0.311,0.311,0.283,0.266,0.255,0.243,0.232,0.226,0.424,1.472,1.132,0.708,0.538,0.453,0.396,0.34,0.311,0.283,2.83,10.471,5.66,3.962,19.81,11.178,5.745,5.264,6.792,4.188,3.226,2.688,5.886,4.868,7.132,5.717,4.585,3.651,5.037,3.736,2.943,2.434,2.264,17.772,12.509,7.075,4.528,3.396,7.924,6.509,4.811,3.113,2.49,2.038,1.755,1.5,1.33,1.189,1.104,1.104,0.962,1.104,3.424,4.415,3.368,2.717,2.406,2.094,1.755,1.528,1.33,1.16,1.047,0.962,0.849,0.821,1.104,1.019,1.019,0.821,0.708,0.651,0.849,0.792,0.679,0.679,0.594,0.509,0.453,0.424,0.368,0.34,0.311,0.283,0.266,0.424,0.594,0.424,2.519,1.047,0.679,0.538,0.481,0.764,0.566,0.594,0.481,0.424,0.368,0.34,0.34,0.34,0.277,0.243,0.235,0.241,0.229,0.198,0.178,0.153,0.153,0.144,0.127,0.127,0.136,0.266,0.144,0.127,0.144,0.153,0.175,0.594,0.181,0.153,0.136,0.119,0.127,0.108,0.096,0.085,0.076,0.082,0.136,0.119,0.082,0.076,0.091,0.161,0.122,0.102,0.082,0.068,0.065,0.062,0.085,0.119,0.082,0.068,0.085,0.17,0.091,0.074,0.074,0.068,0.065,0.076,0.065,0.068,0.088,0.076,0.062,0.079,0.074,0.062,0.059,0.068,0.062,0.057,0.057,0.057,0.054,0.054,0.048,0.045,0.045,0.045,0.045,0.051,0.051,0.051,0.079,0.062,0.071,0.076,0.062,0.059,0.057,0.054,0.054,0.051,0.051,0.054,0.059,0.059,0.424,0.424,0.11,0.076,0.062,0.051,0.045,0.04,0.04,0.127,0.085,0.057,0.045,0.045,0.045,0.048,0.076,0.071,0.057,0.048,0.048,0.048,0.048,0.048,0.068,0.079,0.068,0.068,0.074,0.071,0.068,0.091,0.116,0.108,0.102,0.102,0.102,0.099,0.906,0.792,0.26,0.175,0.139,0.116,0.105,0.102,0.093,0.088,0.088,0.091,0.085,0.082,0.136,0.17,0.198,0.142,0.125,0.108,0.102,0.102,0.096,0.091,0.241,0.178,0.116,0.105,0.102,0.099,3.0,2.179,1.245,0.906,1.217,1.189,0.906,0.821,2.009,3.226,1.84,1.33,1.075,0.99,1.047,1.16,1.415,1.104,0.934,0.821,0.736,0.708,0.651,0.623,0.566,0.538,0.481,0.453,0.424,0.396,0.368,0.34,0.34,0.311,0.311,0.283,0.396,0.34
1981,0.34,0.311,0.275,0.255,0.255,0.235,0.277,0.249,0.232,0.224,0.215,0.204,0.192,0.181,0.175,0.17,0.158,0.153,0.147,0.142,0.136,0.13,0.127,0.125,0.125,0.13,0.133,0.133,0.127,0.119,0.113,0.127,1.132,0.934,0.764,0.651,0.566,0.509,0.453,0.396,0.34,19.81,16.612,7.811,5.915,3.877,3.085,3.594,7.358,10.556,23.319,13.471,9.198,18.31,17.518,8.688,5.32,3.594,2.802,2.207,1.84,1.5,1.33,1.189,1.047,0.906,0.821,0.764,0.736,0.708,0.679,0.651,0.623,0.566,0.509,0.481,0.424,0.396,0.368,0.368,0.34,0.311,0.311,0.283,0.277,0.266,0.26,0.255,0.708,1.132,0.821,1.132,1.274,0.906,0.764,1.132,0.934,0.764,0.679,0.651,0.623,0.594,0.849,1.415,2.547,1.981,1.528,1.387,1.104,0.877,0.764,0.651,0.623,1.274,0.99,0.877,0.764,0.708,1.415,2.83,1.811,1.5,1.217,1.047,0.906,0.849,0.736,0.623,0.538,0.509,6.82,9.792,5.292,3.339,2.915,2.745,1.868,1.472,1.189,1.019,0.821,0.708,0.594,0.509,0.424,0.368,0.34,0.311,0.34,0.566,0.453,0.311,0.623,0.651,1.047,1.33,0.821,0.679,0.538,1.104,0.736,0.623,0.481,0.424,0.849,8.037,3.509,2.321,1.613,1.245,1.217,1.302,2.207,1.67,1.16,1.132,1.16,0.877,0.679,0.566,0.509,0.453,0.792,0.623,0.538,0.679,1.132,0.623,0.481,0.396,0.34,0.311,0.266,0.249,0.283,0.221,0.207,0.187,0.17,0.156,0.396,0.906,0.679,0.34,0.241,0.221,0.249,0.368,0.232,0.266,0.221,0.184,0.161,0.147,0.139,0.147,0.226,0.167,0.139,0.252,0.198,0.147,0.283,0.368,0.209,0.178,0.161,0.198,0.15,0.125,0.119,0.108,0.099,0.096,0.093,0.091,0.116,0.093,0.085,0.082,0.082,0.079,0.091,0.11,0.127,0.156,0.167,0.133,0.153,0.906,1.104,0.99,0.481,0.34,0.283,0.249,0.283,0.368,0.283,0.792,0.821,0.679,0.538,0.424,0.509,0.651,0.481,0.396,0.368,0.34,0.396,0.311,0.283,1.16,1.33,0.877,0.736,0.651,1.556,1.698,1.245,1.047,0.906,0.821,0.736,0.623,0.566,0.509,0.481,0.481,0.623,0.877,0.623,0.538,0.509,1.896,2.009,1.443,1.981,11.263,11.829,5.717,3.622,2.547,2.009,1.67,1.358,1.189,1.047,1.613,1.245,1.075,0.99,0.906,0.849,0.792,0.736,0.708,0.764,3.764,2.49,2.151,1.811,2.207,1.953,1.613,1.415,1.245,1.132,1.019,1.019,0.934,0.849,0.764,0.792,1.189,1.104,0.99,0.962,0.906,0.877,1.019,0.962,0.821,0.792,0.736,0.679,0.651,0.651,0.651,0.594,0.566,0.792,1.245,1.387,1.075,1.924,1.104,0.906,0.962,0.849,0.792,0.764,0.679,0.849
1982,1.047,0.934,0.99,5.009,4.273,2.802,2.207,1.755,1.528,1.33,1.189,1.075,0.962,0.906,0.821,0.736,0.651,0.594,0.538,0.509,0.453,0.424,0.396,0.368,0.34,0.34,0.311,0.311,0.283,0.272,1.472,8.122,3.254,5.858,5.688,3.707,2.745,1.981,1.698,1.415,1.132,0.877,0.736,0.594,0.509,0.453,0.538,0.736,0.679,0.651,0.651,0.651,0.623,0.623,0.651,0.594,0.566,0.538,0.509,0.481,0.453,0.424,0.481,0.538,0.509,0.481,0.481,0.509,0.481,0.481,1.585,3.849,4.33,3.453,2.858,2.519,2.575,2.858,2.972,4.104,3.99,3.566,3.905,5.179,9.792,5.434,3.538,2.802,2.688,4.585,6.113,4.302,8.15,7.386,4.188,3.396,2.519,2.292,1.868,1.755,1.755,1.783,2.236,2.292,2.122,2.264,4.67,6.254,3.736,2.887,2.377,1.924,1.641,1.415,1.217,1.245,1.217,1.019,0.906,0.821,0.792,0.736,0.679,0.651,0.594,0.538,0.509,0.594,0.594,0.509,0.453,0.453,0.481,0.396,0.368,0.34,0.34,0.311,0.311,1.556,0.736,0.849,1.302,1.16,1.075,0.934,0.821,0.99,1.245,1.075,1.783,1.443,3.82,5.745,7.443,6.594,13.301,6.481,3.99,2.745,2.038,1.953,1.556,2.434,2.179,1.641,1.443,2.179,1.472,1.217,1.047,0.934,0.849,0.962,0.708,0.594,0.538,0.594,0.481,3.792,2.49,1.443,1.075,1.132,1.047,0.792,0.651,0.566,0.509,0.453,0.396,0.368,1.387,0.538,0.424,0.368,0.311,0.283,0.277,0.258,1.613,0.679,0.424,0.34,0.283,0.26,0.238,0.255,0.906,0.509,0.34,0.311,0.277,0.263,0.34,0.263,0.238,0.212,0.195,0.736,1.104,0.538,0.453,0.368,0.34,0.311,0.269,0.241,0.224,0.218,0.195,0.19,0.195,0.173,0.17,0.161,0.218,0.181,0.156,0.147,0.13,0.127,0.127,0.147,0.178,0.232,0.15,0.133,0.125,0.119,0.122,0.122,0.113,0.108,0.102,0.102,0.096,0.821,0.396,0.192,0.156,0.139,0.139,0.144,0.144,0.34,0.218,0.17,0.156,1.019,0.453,0.34,0.272,0.243,0.232,0.224,0.195,0.178,0.167,0.167,0.173,0.17,0.161,0.161,0.164,0.195,0.249,0.209,0.19,0.173,0.161,0.158,0.164,0.368,0.235,0.201,0.192,0.184,0.184,0.175,0.173,0.173,0.173,0.167,0.173,0.167,0.164,3.339,3.311,1.726,1.217,0.962,0.792,0.679,0.651,1.387,2.858,1.641,1.33,1.104,0.962,0.877,0.764,0.708,0.708,0.821,1.104,1.16,0.962,0.934,0.877,0.877,1.84,1.528,1.33,1.217,1.132,1.104,1.019,1.274,1.047,0.906,0.877,1.16,0.764,0.679,0.821,0.764,0.594,6.198,3.311,2.349,1.896,1.67,1.443,1.189,1.075,1.274,1.811,2.292,1.755,1.726,1.556,1.302,1.16
1983,1.047,0.962,0.877,0.877,0.792,0.679,0.651,0.594,0.594,0.877,2.406,1.387,1.217,1.047,0.962,0.906,0.849,0.821,0.792,0.764,0.736,1.16,2.802,3.679,2.264,1.443,1.104,0.962,0.906,0.877,0.849,0.792,6.396,18.876,7.16,3.877,3.0,2.292,1.84,1.556,1.415,1.641,1.811,1.641,1.387,1.16,0.934,0.821,0.736,0.679,0.651,0.679,0.736,0.792,0.736,0.708,0.679,0.764,0.708,0.679,0.679,0.679,0.651,0.651,0.679,1.245,1.075,1.075,2.462,2.745,2.264,1.924,1.726,1.585,1.415,1.274,1.274,2.349,2.236,5.094,4.613,3.113,2.406,1.953,1.67,1.924,3.339,2.688,2.151,1.924,1.698,1.528,3.736,2.858,2.406,2.122,2.066,2.773,3.028,6.283,5.518,4.217,3.17,2.547,16.584,16.895,6.82,4.698,3.622,3.085,2.632,3.368,5.066,15.706,12.763,8.575,7.301,5.575,4.075,4.783,6.934,7.528,5.575,5.745,3.99,3.085,2.49,4.358,4.641,3.396,2.773,2.321,1.953,1.67,1.981,1.953,1.528,1.33,1.33,2.179,1.67,2.519,3.905,2.802,2.292,1.924,1.613,1.358,1.84,1.698,1.387,1.217,1.047,0.934,1.811,1.189,0.99,0.906,0.764,0.651,0.594,0.538,0.453,0.396,0.368,0.34,0.311,0.396,0.594,0.453,0.906,0.764,0.424,0.34,0.283,0.258,0.232,0.218,1.274,1.16,0.509,0.396,0.368,0.396,0.368,0.311,0.272,0.238,0.221,0.204,0.192,0.178,0.17,0.158,0.15,0.144,0.15,0.184,0.221,0.764,0.792,0.263,0.272,0.181,0.229,0.167,0.142,0.125,0.119,0.113,0.178,0.311,0.311,0.594,0.229,0.311,0.232,0.192,0.156,0.136,0.122,0.108,0.113,0.139,0.127,0.108,0.096,0.085,0.082,0.085,0.085,0.071,0.062,0.059,0.059,0.054,0.051,0.054,0.091,0.139,0.127,0.085,0.102,0.102,0.076,0.062,0.057,0.057,0.054,0.048,0.042,0.04,0.04,0.04,0.045,0.059,0.062,0.048,0.042,0.048,0.048,0.042,0.04,0.209,0.221,0.091,0.071,0.059,0.057,0.054,0.051,0.048,0.045,0.051,0.059,0.057,0.054,0.065,0.068,0.059,0.054,0.054,0.057,0.057,0.091,0.241,1.075,0.181,0.119,0.096,0.105,0.566,0.235,0.156,0.13,0.164,0.311,0.215,0.187,0.167,0.15,0.142,0.13,0.13,0.125,0.125,0.127,0.127,0.13,0.127,0.127,0.122,0.119,0.28,1.84,0.962,0.623,0.509,2.604,6.141,2.887,1.868,1.443,1.387,9.65,3.566,2.406,1.953,3.481,2.462,2.207,2.349,3.056,2.349,1.981,1.641,1.443,2.038,2.151,3.877,5.49,3.254,2.49,2.038,1.698,5.009,35.092,21.763,6.99,4.047,2.773,2.094,1.641,1.528,1.472,1.981,1.585,1.33,1.16,1.019,0.99,1.075,1.132,0.99,0.877
1984,0.764,0.679,0.594,0.566,0.566,0.538,0.538,0.594,0.481,0.396,0.34,0.311,0.34,0.34,0.311,0.283,0.283,0.266,0.255,0.238,0.221,0.204,0.198,0.566,0.509,0.453,0.396,0.368,0.34,0.34,0.311,0.311,0.34,0.453,0.708,0.623,0.538,0.481,0.424,0.396,0.453,0.849,2.264,5.094,32.262,26.998,11.065,6.226,4.585,4.132,4.188,3.198,2.519,2.122,1.868,1.726,1.472,1.302,2.038,1.811,1.641,1.585,1.415,1.189,1.16,1.019,0.934,0.906,0.821,0.764,0.736,0.679,0.623,0.594,0.623,0.651,0.708,0.906,1.217,3.736,3.792,2.688,2.151,1.924,1.726,1.528,1.698,1.84,1.613,1.387,1.443,1.755,2.519,5.236,32.828,22.782,7.669,4.556,3.368,2.717,2.321,2.009,1.84,1.783,4.698,3.905,3.368,2.802,3.226,3.254,2.604,2.179,2.094,2.406,3.792,2.858,2.434,2.122,2.972,2.292,1.953,1.67,1.755,3.792,2.575,2.179,1.896,1.868,1.896,1.585,1.358,2.349,2.321,3.566,2.802,2.377,1.981,1.726,2.009,1.953,2.264,1.924,2.236,2.066,1.698,1.528,1.33,2.575,3.82,3.198,2.604,2.122,1.726,1.528,1.274,1.019,0.934,0.792,0.679,0.594,0.509,0.453,0.396,0.396,0.509,0.368,0.34,0.368,1.019,1.217,0.566,0.424,0.368,0.311,0.509,0.566,0.424,0.34,0.368,0.424,1.358,3.198,2.66,1.585,1.302,1.358,2.575,3.736,2.009,1.5,1.274,2.009,1.981,1.274,1.019,0.849,0.764,0.679,0.764,0.594,0.481,2.349,1.189,0.821,0.679,0.566,0.509,2.773,1.698,1.245,1.019,0.877,0.764,2.858,3.113,1.924,1.556,1.302,1.245,1.132,1.953,3.764,3.254,3.707,2.688,2.038,1.613,1.33,1.132,0.934,1.16,1.132,0.792,0.651,1.245,0.821,0.651,0.594,0.538,0.481,0.453,0.509,0.481,0.368,0.34,0.396,0.538,0.368,0.311,0.277,0.255,0.241,0.235,0.229,0.235,0.209,0.204,0.212,0.218,0.198,0.181,0.173,0.167,0.158,0.15,0.147,0.15,0.156,0.156,0.147,0.147,0.153,0.144,0.249,0.209,0.147,0.13,0.119,0.11,0.108,0.108,0.116,0.116,0.108,0.108,0.105,0.108,0.108,0.108,0.108,0.11,0.119,0.158,0.133,0.623,0.651,0.263,0.192,0.207,0.232,0.192,0.212,0.215,0.181,0.17,0.218,0.209,0.187,0.566,0.453,0.34,0.311,0.311,0.453,1.868,1.613,1.16,0.934,0.792,0.736,0.651,0.566,0.538,0.481,0.424,0.396,0.424,0.396,0.34,0.34,0.34,2.264,16.414,5.575,4.104,2.802,3.82,3.254,2.406,2.236,1.726,1.443,1.245,1.302,1.924,1.726,1.953,1.953,1.924,1.755,1.641,1.472,1.472,1.443,1.358,4.217,2.858,2.377,2.038,1.726,1.528,1.811,3.849,2.943,2.377
1985,2.179,1.953,1.613,1.443,1.33,1.358,1.075,0.934,0.849,0.792,0.736,0.708,0.679,0.736,0.594,0.481,0.424,0.396,0.368,0.34,0.311,0.283,0.311,0.311,0.311,0.28,0.252,0.243,0.272,0.266,0.249,0.235,0.224,0.212,0.204,0.198,0.192,0.184,0.181,0.175,0.173,0.17,1.274,1.415,0.934,0.736,0.594,0.481,0.453,0.453,0.424,0.424,0.623,3.368,5.575,5.518,3.509,2.66,1.981,1.67,1.443,1.189,1.075,1.585,1.189,1.217,1.075,1.019,0.934,0.934,4.273,2.802,2.406,1.953,1.641,1.5,1.274,1.245,1.075,0.962,0.877,0.934,1.245,1.104,0.962,0.906,0.906,1.047,1.019,1.5,2.745,2.179,1.981,1.868,1.755,2.321,2.009,2.151,1.953,1.641,1.528,1.358,1.217,1.16,1.104,1.16,1.104,0.99,0.962,1.047,1.047,0.934,0.877,0.821,0.849,0.792,0.736,0.708,0.651,0.623,0.594,0.764,1.67,1.104,0.99,0.962,0.962,0.821,0.764,0.708,0.651,1.019,1.641,0.962,0.792,0.821,1.528,3.283,1.84,1.443,1.16,0.99,0.877,0.764,0.679,0.623,0.623,3.254,2.009,1.274,1.217,4.358,2.179,1.67,1.302,1.528,1.245,0.962,0.906,0.792,0.708,0.594,0.736,0.623,0.566,0.481,0.566,0.566,0.594,0.453,0.424,0.396,0.34,0.368,0.849,0.594,0.424,0.396,0.396,0.509,0.481,0.396,0.396,0.509,0.566,0.396,0.453,1.075,0.623,0.594,0.566,0.594,1.84,2.547,1.358,1.472,1.755,1.047,0.849,0.736,0.623,0.679,0.708,0.538,0.453,0.396,1.217,1.132,0.651,0.566,0.481,7.669,3.764,2.094,1.443,1.075,0.877,0.708,0.792,0.792,0.821,0.566,0.566,0.509,0.424,0.368,0.34,0.453,0.368,0.311,0.272,0.255,0.235,0.212,0.195,0.187,0.736,0.849,0.679,0.453,0.368,2.264,1.981,1.245,1.047,0.849,0.708,0.594,0.509,0.453,0.509,0.594,1.019,0.708,0.509,0.453,0.424,0.396,0.34,0.311,0.311,0.277,0.258,0.246,0.229,0.218,0.34,0.311,0.232,4.67,3.509,1.755,1.245,1.019,2.264,1.415,1.245,1.302,1.104,0.934,0.792,0.736,0.708,0.708,0.594,0.566,0.566,0.594,0.538,0.481,0.453,0.481,0.453,0.424,0.396,0.396,0.679,0.679,0.538,0.509,0.509,0.481,0.453,0.453,0.424,0.424,0.396,0.453,0.651,0.764,0.651,0.623,0.566,0.594,0.906,1.613,1.698,3.736,4.104,8.377,8.971,4.952,3.481,2.717,2.094,2.122,1.924,1.613,1.415,2.009,2.547,4.726,3.736,3.198,4.019,6.141,3.736,2.858,2.349,2.009,1.67,1.472,1.33,1.217,1.585,2.236,1.868,1.896,1.585,1.302,1.104,0.99,0.934,0.708,0.651,0.849,0.792,0.679,0.538,0.481,0.566,0.509,0.453,0.396,0.34
1986,0.34,0.311,0.34,0.368,0.34,0.283,0.238,0.255,0.283,0.34,0.368,0.34,0.283,0.263,0.226,0.272,0.34,0.566,2.264,4.415,1.953,1.585,1.302,1.16,1.132,1.047,0.934,0.849,0.736,0.679,0.594,0.509,0.509,0.566,0.623,0.736,0.679,0.594,0.509,0.453,0.424,0.396,0.368,0.34,0.368,0.453,0.509,0.538,0.623,0.99,1.981,4.528,4.104,3.0,2.321,1.868,1.641,1.472,1.358,1.16,1.047,0.99,0.849,0.792,0.736,0.651,0.623,0.736,1.132,8.377,4.471,4.415,11.603,34.809,8.631,4.726,3.283,3.849,3.056,2.264,2.066,1.67,1.415,1.245,1.132,1.075,0.962,0.849,0.792,0.736,0.679,0.651,0.594,0.594,0.594,0.764,0.849,0.708,0.651,0.651,0.623,0.623,0.566,0.538,0.538,11.716,13.301,6.99,4.132,3.0,2.773,2.575,2.264,2.009,1.783,1.585,1.415,1.274,1.16,1.047,0.962,0.877,0.764,0.708,0.651,0.623,0.566,0.509,0.453,0.424,0.396,0.34,0.311,0.311,0.275,0.283,0.28,0.246,0.263,3.792,13.301,3.934,2.462,1.811,1.415,1.132,0.934,0.792,0.679,0.566,0.509,0.481,0.481,0.368,0.34,4.188,9.594,4.5,3.028,2.122,1.528,1.387,17.631,10.301,4.698,2.972,2.292,3.141,1.868,1.556,1.443,1.132,0.934,0.792,0.736,0.623,0.538,0.481,0.509,0.481,0.396,0.368,1.783,0.792,0.538,0.453,0.396,0.34,0.311,0.792,0.509,0.368,0.877,1.189,0.99,0.679,0.623,0.623,1.019,0.764,0.679,0.679,0.538,0.509,0.424,0.368,0.368,0.849,0.481,0.396,0.368,0.424,0.708,0.821,0.623,0.481,0.424,0.396,0.368,0.34,0.481,0.311,0.538,0.34,0.275,0.238,0.232,0.509,0.311,0.311,0.266,0.224,0.255,0.311,0.241,0.566,0.283,0.229,0.212,0.195,0.17,0.161,0.147,0.136,0.136,0.13,0.125,0.181,0.184,0.139,0.127,0.113,0.102,0.102,0.108,0.102,0.091,0.085,0.088,0.085,0.091,0.136,0.11,0.173,0.125,1.075,0.509,0.252,0.201,0.849,0.623,0.424,0.368,0.311,0.368,0.594,1.698,1.104,0.821,0.651,0.566,0.509,0.481,0.424,0.396,0.424,0.736,0.623,0.509,0.481,0.453,0.396,0.396,0.396,0.368,0.34,0.34,0.311,0.481,0.481,0.424,0.396,0.368,0.34,0.34,0.34,0.34,0.311,0.368,0.736,0.538,1.16,6.254,3.424,2.519,2.066,1.67,1.33,1.189,1.132,1.245,1.387,1.556,4.868,9.084,4.188,3.085,3.254,2.717,12.876,10.612,5.066,3.424,2.575,1.981,2.122,6.084,3.424,2.66,2.179,1.868,1.613,2.292,2.349,2.038,1.84,1.528,1.358,1.274,1.104,0.99,2.377,1.981,1.641,1.415,1.217,1.16,1.075,5.943,3.283,2.575,2.122,1.783,1.585,1.358
1987,1.189,1.189,1.443,1.358,0.99,0.877,0.736,0.623,0.538,0.481,0.424,0.396,0.368,0.368,0.849,1.132,0.708,0.481,0.509,0.538,0.481,0.453,0.424,0.396,0.368,0.368,0.34,0.34,0.311,0.311,0.283,0.283,0.283,0.34,0.34,0.311,0.272,0.311,0.283,0.255,0.215,0.204,0.249,0.232,0.198,0.175,0.158,0.158,0.187,0.175,0.164,0.147,0.17,0.198,0.181,0.158,0.158,0.147,0.147,5.66,5.122,3.056,2.236,1.868,1.726,2.349,4.67,5.632,3.368,2.547,2.236,1.726,1.472,1.245,1.104,1.019,0.934,0.906,0.906,0.877,0.934,1.047,1.217,2.321,3.877,2.717,2.292,1.924,1.755,6.566,4.613,3.368,2.745,20.574,9.48,5.547,4.358,3.283,2.604,2.122,1.811,2.207,3.085,2.349,2.066,1.84,1.726,1.5,1.245,1.075,0.962,0.906,0.821,0.821,0.849,0.736,0.651,0.651,0.623,0.594,0.538,0.509,0.962,1.33,0.877,0.821,0.792,0.736,0.679,0.679,0.594,0.566,0.509,0.453,0.481,0.424,0.396,0.34,0.424,0.396,0.368,0.368,0.311,0.311,0.311,0.28,0.396,0.396,0.509,0.311,0.396,0.311,1.047,0.538,0.509,0.424,0.368,0.396,0.34,0.34,0.283,0.258,0.368,0.34,0.283,0.252,0.221,0.201,0.184,0.175,0.167,0.17,0.226,0.215,0.19,0.158,0.139,0.175,0.147,0.13,0.144,0.136,0.396,0.368,0.204,0.158,0.136,0.161,0.764,0.538,0.453,0.396,0.424,0.311,0.283,0.272,0.215,0.192,0.17,0.156,0.144,0.136,0.122,0.116,0.119,0.122,0.266,0.192,0.122,0.108,0.096,0.096,0.091,0.088,0.119,0.102,0.091,0.105,0.093,0.085,0.079,0.113,0.088,0.076,0.068,0.062,0.059,0.057,0.054,0.051,0.048,0.054,0.054,0.065,0.071,0.054,0.048,0.051,0.736,0.311,0.509,0.218,0.195,0.26,0.164,0.139,0.119,0.108,0.116,0.167,0.538,0.679,0.311,0.241,0.311,5.349,2.321,1.189,0.849,2.434,3.877,3.509,2.802,2.066,1.953,1.868,1.387,1.104,0.906,0.792,0.679,0.594,5.009,2.66,1.868,1.556,1.245,1.047,0.906,2.406,1.443,1.189,1.075,1.641,1.387,1.132,1.019,0.934,0.849,0.792,0.736,0.679,0.651,0.736,0.623,0.566,0.538,0.509,0.481,0.594,2.802,1.528,1.274,1.132,1.019,0.934,0.849,0.821,0.764,0.708,0.651,0.623,0.651,0.679,0.623,0.594,0.623,0.679,0.708,0.708,1.472,7.811,3.651,2.632,1.953,1.556,1.302,1.16,1.019,0.99,0.877,0.821,7.075,10.584,4.33,2.943,2.264,1.953,1.585,1.33,1.16,1.104,1.104,1.104,1.019,1.019,0.934,0.849,1.075,1.274,1.047,0.934,0.906,1.189,1.302,1.104,1.075,0.99,1.075,1.047,0.934,0.906,0.877,1.132,1.472
1988,1.047,0.708,0.594,0.566,0.509,0.396,0.368,0.453,0.509,0.453,0.396,0.396,0.453,0.424,0.34,0.311,0.453,0.651,1.132,1.698,1.415,1.217,1.075,0.962,0.849,0.764,0.594,0.509,0.538,0.566,0.566,2.83,23.149,7.952,4.33,2.858,2.236,1.924,1.641,1.387,1.189,1.047,0.934,0.849,0.764,0.708,0.651,0.623,0.594,0.623,1.698,1.302,1.104,0.962,0.877,0.792,0.764,0.708,0.679,0.623,0.623,0.708,0.708,0.849,0.877,0.764,0.934,1.726,2.802,2.038,2.094,3.0,2.688,2.122,1.726,1.443,1.274,1.16,1.019,1.019,1.019,0.821,1.075,1.783,5.49,3.622,2.462,2.009,1.726,1.472,1.358,1.245,1.16,1.274,1.132,1.047,0.99,0.962,0.934,0.849,0.764,0.708,0.679,0.651,0.651,0.623,0.594,0.566,0.538,0.481,0.481,0.453,0.453,0.538,0.453,0.424,0.509,1.075,2.038,2.858,2.207,1.84,1.556,1.358,1.387,1.613,1.698,1.33,1.189,1.16,1.075,0.934,0.849,0.821,0.736,0.679,0.651,0.906,9.707,6.566,4.188,2.83,2.207,1.783,1.556,1.245,1.019,0.877,0.764,0.679,0.594,0.566,0.821,0.566,0.509,0.453,0.396,0.368,0.34,0.396,0.311,0.283,0.269,0.243,0.221,0.204,0.192,0.215,0.195,0.173,0.161,0.15,0.142,0.136,0.125,0.113,0.113,0.11,0.102,0.093,0.091,0.091,0.099,0.088,0.079,0.076,0.068,0.065,0.059,0.057,0.057,0.054,0.076,0.065,0.054,0.054,0.054,0.934,0.34,1.189,0.34,1.443,1.443,0.509,0.481,0.34,0.283,0.34,0.258,0.212,0.184,0.368,0.311,0.201,0.167,0.147,0.136,0.13,0.153,0.13,0.11,0.099,0.093,0.091,0.102,0.091,0.082,0.068,0.221,0.263,0.119,0.096,0.088,0.076,0.093,1.019,0.679,0.311,0.229,0.207,33.96,8.547,2.887,1.641,1.132,0.849,6.934,4.386,2.434,1.67,1.217,0.962,0.792,0.623,0.538,0.962,0.651,0.481,0.396,0.481,0.538,0.453,0.538,0.877,0.594,0.566,0.538,0.453,0.424,0.396,0.34,0.34,0.311,0.311,0.311,0.283,0.269,0.255,0.243,0.232,0.224,0.226,0.224,0.26,0.241,0.226,0.207,0.201,0.195,0.19,0.198,0.201,0.184,0.229,1.896,1.387,2.122,1.868,1.443,1.16,1.047,0.934,0.821,0.736,0.679,0.651,0.594,0.566,1.556,3.538,2.688,2.151,1.811,1.613,1.415,1.189,3.311,2.773,2.151,1.84,2.434,1.868,1.613,3.99,4.641,3.028,2.406,1.981,1.67,1.443,1.33,2.038,1.67,1.415,1.302,1.189,1.104,0.99,0.906,0.849,0.792,0.736,0.651,0.594,0.509,0.396,0.453,0.481,0.453,0.396,0.368,0.424,0.368,0.396,0.424,0.368,0.34,0.708,1.585,0.99,0.877,1.104,1.019,0.962,0.877
1989,0.764,0.679,0.594,0.566,0.453,0.509,0.566,0.708,0.849,1.019,0.792,1.075,1.019,1.387,1.16,0.962,0.906,0.821,0.821,0.792,0.708,0.651,0.538,0.566,0.538,0.509,0.509,0.538,0.481,0.538,0.509,0.623,0.651,0.708,0.651,0.623,0.594,0.566,0.538,0.481,0.453,0.509,0.481,0.424,0.623,1.811,1.472,0.934,0.679,0.594,0.481,2.83,2.264,1.528,0.99,0.906,0.849,0.792,0.708,0.651,0.594,0.566,0.538,0.538,0.509,0.509,0.481,0.481,0.453,0.453,0.368,0.396,0.368,0.708,0.566,0.509,1.019,0.764,0.651,0.594,0.566,0.594,4.104,3.905,3.254,2.66,2.604,3.566,5.122,6.934,5.802,3.453,3.056,2.717,3.113,3.17,2.547,2.094,1.896,1.585,1.33,1.189,1.104,1.019,1.019,1.132,0.99,0.962,0.934,0.849,0.821,0.736,0.708,0.651,0.651,0.623,0.566,0.538,0.509,0.481,0.651,2.038,1.443,1.217,1.67,13.584,12.99,7.103,4.726,7.216,11.292,7.273,4.386,3.594,3.934,13.754,9.82,5.32,3.566,2.66,2.122,1.641,1.556,2.038,1.443,1.245,1.075,0.906,0.792,0.792,0.764,0.708,0.594,0.509,0.792,0.538,0.623,0.538,0.538,0.509,0.623,0.453,0.396,0.481,0.509,0.962,1.387,1.726,1.274,1.019,0.849,2.264,2.264,1.726,2.547,1.896,1.528,1.274,1.528,1.556,1.075,0.906,0.764,0.651,0.566,1.5,0.99,0.934,0.736,0.594,0.538,0.453,0.424,0.424,0.368,0.311,0.311,0.311,0.272,0.249,0.821,0.453,0.368,0.311,0.263,0.241,0.238,0.26,0.218,0.192,0.178,0.187,0.195,0.181,0.175,0.158,0.209,0.158,0.144,0.139,0.13,0.119,0.116,0.139,0.164,0.127,0.113,0.108,0.099,0.091,0.125,0.195,0.133,0.113,0.116,0.161,0.102,0.088,0.079,0.079,0.082,0.099,0.079,0.088,0.116,0.082,0.071,0.068,0.068,0.071,0.068,0.065,0.065,0.065,0.068,0.062,0.085,0.481,0.17,0.192,0.133,0.736,3.141,0.736,0.566,1.245,1.075,0.736,0.623,0.481,0.396,0.368,0.34,0.311,0.368,0.34,0.283,0.266,0.255,0.241,0.229,0.241,0.226,0.368,0.283,0.255,0.235,0.226,0.224,0.509,0.538,9.594,16.754,7.301,3.679,2.377,1.811,1.472,1.189,0.99,0.877,0.764,0.708,0.708,0.877,0.679,0.679,0.651,0.594,0.679,0.623,0.623,2.321,1.981,1.613,1.358,1.132,1.047,0.962,6.481,3.905,2.688,2.066,1.84,1.726,1.274,1.132,1.019,0.906,0.906,0.821,0.962,0.821,0.736,0.651,0.566,0.538,0.453,0.509,0.566,0.481,0.424,0.368,0.396,0.481,0.453,0.368,0.34,0.283,0.34,0.34,0.311,0.283,0.283,0.283,0.266,0.255,0.221,0.221,0.226,0.238,0.243,0.255,0.272,0.311
1990,0.34,0.311,0.311,0.34,0.424,0.368,0.34,0.311,0.283,0.34,0.311,0.283,0.266,0.266,0.283,0.311,0.764,2.236,1.585,1.274,2.321,2.094,1.641,1.924,2.094,4.811,3.028,2.406,2.604,5.603,3.198,2.66,3.962,3.764,5.66,3.905,2.943,2.49,2.179,2.236,4.302,3.311,2.604,2.151,1.924,1.868,2.604,2.321,1.896,1.755,1.415,1.443,1.387,2.038,1.585,1.217,1.132,1.047,1.217,1.217,1.104,0.99,0.849,0.821,0.708,0.623,0.679,0.764,0.821,1.019,0.962,0.906,0.906,0.877,0.849,2.066,2.009,1.67,2.066,1.84,1.868,1.783,1.528,1.387,1.245,1.104,0.99,0.906,0.962,0.934,0.906,0.877,2.151,2.321,2.321,2.292,1.981,1.698,1.472,1.811,3.905,2.547,2.094,1.783,1.67,1.387,1.274,1.104,0.962,0.877,1.019,0.906,0.792,0.736,0.764,0.736,0.651,0.623,0.594,0.594,0.566,0.509,0.481,0.538,0.906,0.679,0.623,0.566,0.538,5.207,5.009,2.887,3.113,3.622,2.575,2.972,3.396,2.858,2.292,1.84,1.783,1.472,1.217,1.047,0.906,0.849,0.764,0.679,1.755,2.094,1.274,1.075,0.962,0.877,0.764,0.708,0.623,0.821,0.623,0.623,0.594,0.509,0.424,0.396,0.368,0.396,0.34,0.311,0.368,0.453,0.396,0.34,0.311,0.424,0.34,0.311,0.272,0.241,0.224,0.246,0.368,0.453,0.34,0.246,0.215,0.195,0.181,0.173,0.167,0.311,0.26,0.263,9.707,5.547,2.575,2.688,2.632,1.755,1.302,1.047,1.132,1.5,1.217,1.047,0.906,0.764,0.651,0.566,0.481,0.453,0.424,0.934,0.594,0.453,0.396,0.34,1.245,6.65,3.707,2.207,1.698,1.698,1.443,1.132,1.217,1.274,0.99,0.849,0.736,0.651,0.623,0.623,0.764,1.075,1.472,2.292,2.349,1.698,1.84,1.755,2.688,1.613,1.274,1.075,0.962,0.849,0.708,0.764,0.708,0.594,0.538,0.481,0.594,0.453,0.396,0.368,0.34,0.538,0.396,0.481,0.368,0.368,0.453,0.34,0.453,0.396,0.368,0.311,0.34,0.34,0.311,0.283,0.34,0.368,0.311,0.269,0.623,0.736,0.481,0.424,0.396,0.396,0.424,3.283,4.556,16.442,6.509,3.566,2.434,1.868,10.528,7.811,3.877,2.773,2.236,11.66,10.273,4.783,3.198,2.434,2.009,1.641,1.415,1.245,1.104,1.019,0.934,0.877,0.821,1.953,1.189,1.104,1.019,11.433,6.311,3.651,2.632,2.066,1.755,1.528,1.811,1.443,1.274,1.189,1.075,1.019,1.16,1.047,0.934,0.877,0.821,0.792,0.764,0.708,0.679,0.651,2.604,29.998,6.169,3.481,2.547,2.066,1.726,1.5,1.274,1.16,1.075,0.934,0.906,0.934,0.849,2.179,3.198,2.151,2.434,2.434,6.0,10.98,4.811,3.141,2.349,2.122,1.981,4.556,7.613
1991,3.934,2.887,2.321,1.896,1.5,1.443,1.245,1.104,1.047,0.934,1.075,1.132,0.792,0.792,0.764,5.518,4.783,2.943,2.264,2.009,1.726,1.358,1.189,1.047,0.934,0.906,0.877,0.934,0.877,0.877,0.906,0.764,0.708,0.764,0.736,0.906,1.16,5.802,3.877,2.802,2.264,1.84,1.472,1.415,1.868,1.613,1.132,1.075,1.132,1.302,3.764,2.745,2.434,1.953,1.84,1.528,1.387,1.217,1.189,1.047,2.264,3.311,14.093,6.084,3.849,3.538,2.519,2.094,1.811,1.528,1.415,1.274,1.189,1.104,1.047,1.104,2.038,2.349,2.038,1.868,1.896,2.349,2.717,2.49,2.151,2.462,2.236,1.924,1.783,1.556,1.472,1.358,1.189,1.104,1.047,1.019,0.934,0.849,0.906,0.99,0.792,0.736,0.708,0.708,0.792,0.736,0.764,0.736,0.679,0.708,1.047,2.066,2.038,2.406,2.632,2.179,1.924,1.641,1.415,1.302,1.16,1.047,0.934,0.821,0.736,1.755,1.924,1.387,1.274,1.16,1.047,0.962,0.849,0.792,0.679,0.594,0.538,0.566,0.481,0.424,0.396,0.368,0.34,0.311,0.283,0.26,0.368,0.453,0.283,0.275,0.34,0.283,0.221,0.201,0.212,0.201,0.184,0.167,0.156,0.144,0.133,0.13,0.158,0.153,0.122,0.116,0.11,0.105,0.099,0.11,0.102,0.088,0.229,0.17,0.113,0.096,0.088,0.079,0.076,0.071,0.071,0.071,0.088,0.11,0.091,0.099,0.091,0.108,0.102,0.074,0.062,0.057,0.054,0.057,0.065,0.051,0.045,0.042,0.04,0.04,0.045,0.045,0.071,0.079,0.113,0.062,0.215,0.164,0.079,0.065,0.057,0.057,0.051,0.045,0.042,0.042,0.04,0.037,0.034,0.034,0.144,0.127,0.068,0.057,0.051,0.048,0.051,0.065,0.051,0.045,0.17,0.243,0.17,0.091,0.071,0.062,0.054,0.051,0.048,0.045,0.045,0.042,0.042,0.045,0.04,0.037,0.054,0.091,0.057,0.048,0.042,0.04,0.054,0.065,0.051,0.042,0.04,0.037,0.042,0.042,0.538,3.198,0.679,0.34,0.226,0.198,0.184,0.34,0.311,0.229,0.192,0.17,0.153,0.144,0.139,0.13,0.125,0.133,0.396,0.241,0.192,0.173,0.164,0.275,0.453,0.311,0.26,0.275,0.877,0.708,1.33,0.849,0.708,0.623,0.538,0.481,0.424,0.396,0.368,0.34,0.311,0.283,0.26,0.252,0.243,0.235,0.218,0.204,0.19,0.187,0.181,0.173,0.164,0.161,0.396,0.311,0.26,0.241,0.238,0.232,0.229,0.218,0.212,0.212,0.266,4.698,5.349,2.915,1.981,1.472,1.16,0.99,0.877,0.792,0.736,0.679,8.547,4.047,2.604,2.038,1.67,1.556,1.472,1.217,1.075,0.934,1.132,2.349,1.896,1.585,1.387,1.217,1.047,0.962,0.934,0.821,0.849,0.849,0.708,0.623,0.594,0.594,1.274,1.16,0.906
1992,0.906,0.962,0.962,1.67,1.726,1.5,1.33,1.189,1.189,1.16,1.019,0.906,0.849,2.604,2.094,1.641,1.528,1.33,0.849,0.764,0.708,0.821,1.047,1.641,1.981,1.274,0.99,0.821,0.736,0.708,0.651,0.566,0.566,0.509,0.509,0.453,0.453,0.424,0.396,0.34,0.311,0.283,0.311,0.283,0.368,0.424,1.245,0.594,0.481,0.792,0.679,0.594,0.538,0.566,0.679,0.764,0.877,0.792,0.934,1.472,1.302,1.189,1.075,1.019,0.99,2.009,2.094,1.811,1.84,11.292,5.009,3.198,2.377,1.868,1.528,1.274,1.16,1.132,1.019,0.877,0.821,0.764,0.736,0.708,3.028,15.112,5.745,3.594,2.887,2.887,2.66,2.321,1.981,1.726,1.472,1.302,1.274,1.274,1.245,1.217,1.5,1.953,1.528,1.415,1.274,1.189,1.358,1.358,1.274,1.217,1.387,3.254,2.377,2.349,2.462,2.094,1.868,1.585,1.387,1.274,1.16,1.075,1.443,1.104,1.075,1.132,0.99,1.075,1.556,1.302,1.245,1.16,1.415,1.67,1.274,1.358,1.217,1.217,1.075,0.906,0.821,0.736,0.651,0.679,0.623,0.566,0.538,0.481,0.424,0.453,6.084,3.028,2.236,1.613,1.274,1.698,2.009,1.415,1.245,1.104,0.906,0.764,0.651,0.566,0.509,0.453,0.396,0.368,0.34,0.424,0.538,0.396,0.34,0.283,0.34,0.311,0.26,0.283,0.229,0.201,0.187,0.17,0.153,0.153,0.212,0.184,0.26,0.17,0.147,0.538,0.224,0.181,0.158,0.175,0.311,0.538,0.708,0.623,2.151,0.934,0.679,0.736,0.538,2.122,1.67,1.245,1.783,2.264,1.472,1.189,0.962,3.82,2.887,1.84,1.358,1.33,1.132,0.849,0.708,0.679,1.698,1.019,0.849,0.736,0.651,0.623,0.566,0.566,0.538,0.594,0.453,0.396,0.34,0.311,0.277,0.255,0.243,0.368,0.26,0.594,1.358,0.566,0.453,0.368,0.34,0.34,0.34,0.311,0.283,0.283,0.283,0.269,1.472,1.5,0.792,0.651,0.566,0.509,0.453,0.424,0.396,0.566,0.396,0.368,0.736,0.99,0.594,0.509,4.443,3.028,2.236,1.641,1.302,1.132,0.962,0.849,0.736,0.651,0.594,0.538,0.509,4.952,4.924,3.0,2.717,2.038,1.924,1.698,1.528,1.443,1.245,1.217,1.047,0.962,0.849,0.821,0.792,0.792,0.736,0.708,0.623,0.594,0.594,0.538,0.566,0.623,3.82,2.264,1.953,2.179,1.726,1.472,1.274,1.189,1.132,1.755,11.377,4.217,2.887,2.179,1.811,1.528,1.302,1.16,2.038,5.547,11.943,5.207,4.415,3.481,3.0,2.406,2.066,1.811,1.556,1.33,1.217,1.075,1.047,0.934,0.821,0.764,0.736,1.387,1.047,0.849,0.736,0.679,0.679,0.623,1.726,1.698,1.415,1.896,1.613,1.443,1.33,1.132,0.99,0.849,0.764,0.708,0.821,1.981,6.962
1993,4.33,2.773,2.151,1.896,6.509,3.622,2.745,2.236,1.755,1.443,1.302,1.302,2.349,1.896,1.528,1.415,1.274,1.132,0.962,0.906,0.934,1.132,0.99,0.934,0.849,0.708,0.708,0.651,0.594,0.566,0.538,0.424,0.424,0.679,0.651,0.594,0.453,0.396,0.481,0.424,0.368,0.34,0.311,0.283,0.269,0.255,0.311,0.283,0.283,0.218,0.198,0.198,0.283,0.255,0.226,0.198,0.255,0.226,0.209,0.226,0.255,0.283,0.311,0.34,0.368,0.311,0.255,0.255,0.283,0.255,0.255,0.238,0.283,0.368,0.396,0.424,0.708,0.623,0.538,0.481,0.453,0.538,1.443,1.896,2.717,4.726,13.018,16.046,17.348,13.16,33.111,15.706,7.499,4.471,3.311,2.972,2.802,2.83,2.972,14.716,14.15,6.0,3.905,2.83,2.264,5.405,9.056,5.207,3.538,2.66,4.33,4.302,4.273,4.245,3.594,6.452,5.462,3.792,2.858,2.236,1.783,1.472,1.274,1.104,2.887,4.585,2.887,2.207,1.811,1.5,1.245,1.047,0.906,0.821,0.708,0.623,0.538,0.481,0.481,0.453,0.396,0.368,0.34,0.311,0.311,0.272,0.246,0.232,0.235,0.241,0.311,0.34,0.232,0.207,0.212,0.195,0.212,0.173,0.164,0.594,0.368,0.221,0.181,0.184,0.15,0.139,0.139,0.119,0.11,0.119,0.195,0.453,0.509,0.218,0.158,0.133,0.125,0.127,0.116,0.11,0.108,0.096,0.108,0.147,0.122,0.099,0.088,0.099,0.091,0.079,0.074,0.068,0.065,0.059,0.057,0.059,0.054,0.051,0.048,0.057,0.076,0.059,0.048,0.045,0.045,0.042,0.045,0.054,0.048,0.059,0.071,0.076,0.059,0.065,0.082,0.059,0.051,0.048,0.074,0.088,0.059,0.071,0.277,0.209,0.099,0.074,0.065,0.283,1.302,0.736,0.311,0.229,0.195,0.156,0.133,0.122,0.396,0.198,0.144,0.139,0.136,0.11,0.105,0.229,0.15,7.358,4.556,2.179,1.302,0.934,0.764,0.651,0.708,0.538,0.424,0.368,0.311,0.311,0.311,0.311,0.368,0.311,0.246,0.258,0.249,0.232,0.252,0.215,0.538,0.679,0.849,0.623,0.623,0.538,0.509,0.736,0.566,0.566,0.453,0.424,0.424,0.396,0.396,0.34,0.34,0.34,0.311,0.283,0.283,0.311,0.424,0.368,0.877,0.962,1.132,0.962,0.906,0.821,0.736,0.708,0.736,0.623,0.764,1.528,1.67,1.302,1.302,1.443,1.755,1.896,1.613,1.358,1.189,1.075,0.962,0.877,0.821,1.16,1.132,0.934,1.274,2.462,1.811,1.641,1.358,1.189,1.075,0.99,0.934,0.821,1.613,37.073,6.99,3.849,2.745,2.264,2.066,2.094,4.471,3.198,2.604,2.179,1.868,4.075,3.962,2.83,2.321,2.009,1.811,1.641,1.387,1.274,1.245,1.132,1.443,1.245,1.104,0.99,0.736,0.509,0.538,0.509,0.509,0.481,0.453
1994,0.481,0.424,0.396,0.424,0.396,0.368,0.368,0.34,0.368,0.396,0.424,0.424,0.368,0.34,0.368,0.368,0.34,0.311,0.283,0.311,0.311,0.368,0.396,0.424,0.481,0.538,0.566,3.396,2.83,2.264,1.981,1.585,1.358,1.33,1.302,1.189,0.99,0.821,0.877,0.792,0.764,0.764,0.736,0.708,0.679,0.679,0.623,0.566,0.708,0.99,1.981,2.83,3.481,2.745,2.349,1.924,1.613,1.472,1.274,1.189,1.075,0.99,1.274,1.16,0.99,0.962,1.641,1.302,3.736,2.434,1.981,1.868,1.953,2.151,2.151,1.811,1.67,1.528,1.387,1.556,2.887,4.104,7.273,8.83,5.518,5.518,6.198,5.094,4.273,3.679,4.075,5.802,10.811,9.367,7.556,8.773,18.706,6.481,4.896,8.348,6.594,6.792,9.367,6.792,4.67,4.33,3.226,2.49,2.122,1.755,1.5,1.33,1.189,1.075,0.99,0.877,0.934,0.764,0.821,0.821,2.321,1.5,1.358,1.245,1.132,1.075,0.962,1.358,1.047,0.934,0.849,0.906,0.792,0.764,0.764,0.934,0.764,0.708,0.679,0.623,0.566,0.509,0.509,0.481,0.509,0.821,1.075,0.708,0.623,0.538,0.481,0.566,0.481,0.424,0.396,0.368,0.34,0.368,0.311,0.311,0.272,0.283,2.858,1.896,2.717,1.585,1.387,1.217,0.99,0.906,0.708,0.651,0.594,0.509,0.538,0.934,0.594,2.688,2.745,1.953,2.83,1.868,1.528,1.274,1.075,0.934,1.274,1.585,1.104,1.075,1.132,0.906,0.792,0.736,0.764,0.792,0.651,0.566,0.538,0.509,0.453,0.651,1.698,1.585,2.038,3.905,3.905,3.113,3.368,2.49,2.038,1.641,1.358,1.245,1.16,0.962,1.613,1.245,0.99,0.877,0.821,0.849,0.708,0.679,0.849,8.292,4.528,2.802,7.584,17.999,5.632,3.424,3.509,3.254,2.406,1.924,1.613,1.415,1.358,1.245,1.358,1.019,0.906,0.821,0.708,0.651,0.594,0.538,0.509,0.481,0.424,0.396,0.396,0.368,0.34,0.34,0.311,0.311,0.311,0.481,1.16,0.509,0.424,0.368,0.368,0.594,0.481,0.424,7.726,8.235,3.849,3.622,2.349,2.688,2.406,1.84,1.528,1.33,1.132,0.962,0.877,0.877,0.792,0.679,0.623,0.594,0.566,0.538,0.509,0.481,0.481,0.481,0.538,0.623,0.509,0.453,0.424,0.396,0.396,0.396,0.368,0.368,0.368,0.368,2.094,2.292,1.472,1.245,1.104,1.019,0.877,0.821,0.792,1.075,0.849,0.764,0.736,0.679,0.651,0.623,0.594,0.566,0.566,0.538,1.585,1.443,1.104,1.019,0.962,0.962,0.877,18.735,6.481,3.651,2.547,2.009,1.641,1.415,6.339,4.217,3.198,2.462,1.981,1.953,2.66,1.783,1.556,1.443,1.302,1.16,1.217,1.16,1.019,0.906,0.821,0.764,0.764,1.075,1.302,1.047,0.934,0.877,0.792,0.764,0.708
1995,0.764,0.792,0.792,0.736,0.651,0.538,0.566,0.566,0.538,0.509,0.509,0.594,0.708,0.821,9.056,8.348,4.217,3.0,2.406,8.433,12.622,5.688,3.368,2.406,1.868,1.528,1.302,1.132,0.99,0.877,0.821,0.764,0.736,0.679,0.651,0.594,0.509,0.481,0.453,0.453,0.481,0.481,0.453,0.396,0.424,0.453,0.538,0.509,0.453,0.424,0.424,0.453,0.396,0.368,0.424,0.368,0.368,0.34,0.453,0.481,0.453,0.424,0.481,0.481,0.594,0.962,1.443,1.924,2.066,1.896,1.698,1.641,1.981,1.896,1.755,1.585,1.387,1.217,1.132,1.132,1.047,0.934,0.849,0.764,0.708,0.679,0.623,0.594,0.594,0.566,0.509,0.481,0.453,0.708,0.566,0.509,0.538,0.651,1.104,1.387,1.019,1.33,2.915,2.122,1.811,1.528,1.302,1.16,1.217,1.047,1.075,1.047,0.906,0.849,0.792,0.736,0.708,0.877,0.736,0.736,0.792,0.708,0.651,0.623,0.679,0.679,0.623,0.538,0.509,0.509,0.736,0.651,0.566,0.538,0.566,0.509,0.538,0.623,0.708,0.651,0.566,0.509,0.453,0.481,0.651,0.651,0.509,0.481,0.509,0.453,0.424,0.368,0.368,0.453,0.396,0.34,0.311,0.283,0.283,0.255,0.241,0.283,1.302,0.708,0.481,0.396,0.34,0.311,0.283,0.269,0.249,0.226,0.34,0.263,0.26,0.272,0.229,0.215,0.195,0.184,0.173,0.204,0.184,0.17,0.144,0.164,0.17,0.283,0.481,0.232,0.424,1.896,1.075,0.651,0.509,0.424,0.424,0.424,0.509,0.34,0.277,0.255,0.238,0.311,0.368,0.34,0.266,0.368,0.266,0.283,0.209,0.178,0.161,0.15,0.144,0.144,0.198,0.241,0.164,0.136,0.116,0.108,0.116,0.108,0.102,0.198,0.229,0.127,0.102,0.088,0.076,0.068,0.065,0.059,0.057,0.054,0.051,0.048,0.048,0.048,0.048,0.045,0.04,0.042,0.04,0.037,0.037,0.034,0.034,0.034,0.031,0.051,0.059,0.04,0.037,0.071,0.071,0.048,0.042,0.048,0.068,0.048,0.042,0.042,0.215,0.221,0.088,0.065,0.062,0.057,0.051,0.045,0.042,0.042,0.042,0.042,0.453,0.623,3.113,0.934,0.566,0.396,0.311,0.266,0.226,0.195,0.764,2.009,1.019,0.736,0.594,0.481,0.424,17.688,5.943,3.056,2.122,1.613,1.274,1.104,1.302,1.047,0.877,0.708,0.651,1.358,1.387,1.132,1.047,0.934,1.075,1.217,0.962,0.849,4.5,9.396,4.132,3.254,2.887,2.207,1.868,1.67,1.641,1.585,1.585,1.5,1.33,1.16,1.019,0.962,0.934,2.236,2.038,1.726,1.641,1.5,1.302,1.358,1.217,1.217,1.019,0.906,0.849,0.736,0.708,0.679,0.679,0.651,0.679,0.651,0.594,0.509,0.481,0.424,0.481,0.481,0.424,0.368,0.368,0.34,0.311,0.34,0.34,0.283,0.311
1996,0.34,0.311,0.311,0.283,0.283,0.255,0.255,0.283,0.311,0.311,0.311,0.283,0.311,0.311,0.311,0.283,0.311,0.424,56.6,11.575,4.868,3.113,2.604,5.405,4.528,3.396,26.121,8.83,4.556,3.339,2.632,2.547,2.264,1.868,1.274,0.877,0.934,0.962,0.99,0.99,0.849,0.764,0.679,0.623,0.708,0.623,0.538,0.481,0.481,0.453,1.556,11.971,6.962,5.49,8.32,5.349,4.047,3.17,3.283,2.321,1.811,1.528,1.528,1.387,1.358,1.358,1.245,1.047,0.99,1.047,1.132,1.245,1.358,2.066,1.981,1.613,1.585,1.868,6.113,3.764,2.83,2.264,1.924,1.868,2.321,1.896,1.698,2.151,2.066,1.953,2.038,2.094,1.868,1.67,1.896,1.726,1.783,1.641,1.556,1.472,1.528,1.698,2.915,2.802,2.887,7.641,4.556,3.254,2.604,2.207,1.84,1.556,2.547,2.858,2.292,2.207,2.179,1.726,3.736,7.132,6.0,3.877,2.915,2.49,2.066,1.924,1.67,1.755,1.556,2.236,3.481,4.783,3.453,2.717,2.264,1.981,1.698,1.472,1.274,1.104,1.104,0.99,0.877,0.764,0.679,0.651,0.736,0.679,0.594,0.538,0.481,0.424,0.368,0.34,0.396,0.424,0.34,0.283,0.263,0.263,0.764,0.453,0.368,0.311,0.283,0.252,0.266,0.204,0.209,0.311,0.283,0.229,0.175,0.167,0.164,0.175,0.144,0.13,0.122,0.116,0.821,0.396,0.235,0.198,0.204,0.178,0.144,0.136,0.311,0.218,0.147,0.127,0.122,0.368,0.34,2.434,2.122,1.132,0.821,0.877,0.792,0.566,0.509,0.453,0.396,0.509,1.132,0.792,0.623,0.99,1.472,1.585,1.5,1.189,0.99,0.849,0.736,0.651,0.566,0.509,0.651,0.509,0.453,0.368,0.368,0.368,0.566,1.132,0.623,0.481,0.396,0.368,0.453,0.424,0.34,0.538,0.424,0.311,0.238,0.192,0.178,0.136,0.108,0.093,0.082,0.065,0.082,0.085,0.074,0.566,0.538,0.187,0.283,0.15,0.113,0.538,0.566,0.283,0.195,2.802,3.396,1.698,1.189,0.934,1.189,1.075,0.849,0.764,0.651,0.594,0.708,0.962,0.651,0.538,0.509,0.509,0.453,0.424,0.396,0.368,0.34,0.368,0.34,0.311,0.266,0.311,0.311,0.246,0.229,0.221,0.226,11.801,9.905,5.122,3.679,3.113,3.481,2.717,2.406,2.151,2.094,1.896,1.755,1.556,1.387,1.302,1.16,1.075,1.019,0.934,0.906,5.037,10.726,5.688,3.962,3.085,2.575,2.236,1.953,1.755,1.641,1.585,1.641,1.443,1.302,1.16,1.075,1.019,1.019,1.981,1.698,1.443,1.387,1.358,11.207,25.413,6.368,4.019,3.113,2.802,2.406,2.094,1.783,1.556,1.528,2.377,17.008,10.273,5.037,3.877,3.396,2.943,2.604,2.122,1.84,1.613,1.5,2.887,2.943,2.321,2.122,1.953,1.981,1.811,1.556
1997,1.358,1.33,1.33,1.189,1.16,1.075,0.962,0.849,0.849,0.877,0.821,0.792,0.736,0.679,0.623,0.679,0.651,0.566,0.538,0.509,0.594,0.566,0.566,0.538,1.415,0.99,0.764,0.708,0.651,0.623,0.623,0.594,0.566,0.538,0.538,1.698,1.075,0.906,0.821,0.736,0.679,0.651,0.623,0.594,0.566,0.566,0.566,0.538,0.538,0.566,1.528,2.547,8.405,4.952,3.283,2.462,2.122,2.717,2.83,2.349,2.972,2.745,2.236,2.434,5.037,3.283,2.688,2.207,2.094,1.84,1.528,1.245,1.84,2.264,1.755,1.698,1.556,1.472,1.443,1.358,1.783,1.358,1.245,1.217,3.028,2.236,2.151,2.151,1.981,2.406,2.151,2.292,2.547,2.434,2.151,1.924,1.698,1.443,1.245,1.104,1.019,1.16,1.528,1.104,0.99,0.934,0.934,0.877,0.821,0.764,0.736,0.708,0.679,0.764,0.679,0.594,0.566,1.472,0.99,0.877,0.849,0.821,2.717,3.17,2.406,2.321,1.953,1.67,1.556,1.387,1.189,1.075,1.047,0.962,0.849,0.764,0.736,0.679,0.821,1.019,0.736,0.679,0.651,0.651,0.764,0.792,0.651,0.594,0.538,0.566,0.538,0.509,0.623,0.934,0.651,0.566,0.538,0.538,0.509,0.481,0.453,0.424,0.396,0.424,0.453,0.396,0.424,0.481,0.679,0.934,0.566,0.453,0.424,0.396,0.509,0.538,0.736,0.453,0.311,0.266,0.229,0.218,0.275,0.283,0.229,0.17,0.136,0.122,0.133,0.232,0.255,0.133,0.11,0.096,0.088,0.079,0.079,0.076,0.076,0.108,0.091,0.079,0.076,0.076,0.113,0.119,0.102,0.099,0.091,0.079,0.068,0.062,0.059,0.057,0.057,0.062,0.068,0.074,0.068,0.062,0.057,0.051,0.048,0.048,0.108,0.226,0.13,0.173,0.424,1.132,0.424,0.34,0.821,0.679,0.566,0.396,0.311,0.26,0.212,0.209,0.232,0.17,0.175,0.538,0.283,0.215,0.167,0.139,0.127,0.116,0.11,0.11,0.122,1.585,1.274,0.849,0.651,0.538,0.424,0.368,0.311,0.249,0.241,0.229,0.167,0.144,0.133,0.116,0.108,0.093,0.088,0.396,0.221,0.147,0.122,0.116,0.108,0.105,0.096,0.091,0.085,0.082,0.082,0.091,0.099,0.116,0.113,0.142,0.122,0.102,0.091,0.082,0.079,0.076,0.074,0.076,0.076,0.17,0.161,0.368,0.258,0.173,0.161,0.164,0.34,1.33,1.019,0.764,0.566,0.481,0.509,0.821,1.443,1.387,1.104,0.934,0.792,0.821,0.736,0.708,0.651,0.623,0.821,0.538,0.538,2.264,1.953,1.726,1.415,1.302,1.415,1.217,1.16,1.245,1.924,1.472,1.302,1.302,1.245,1.104,0.99,0.906,0.821,0.792,0.792,0.736,0.679,0.623,0.594,0.566,0.566,0.538,0.481,0.481,0.481,0.481,0.481,0.481,1.132,1.302,1.104,0.934,0.849,0.877,0.849
1998,0.906,0.934,1.019,1.783,2.802,5.462,5.745,28.3,25.894,9.877,5.207,3.453,2.745,2.066,1.726,2.66,1.981,1.755,1.556,1.415,1.217,1.132,1.33,1.613,1.302,1.047,1.047,1.019,0.962,1.047,0.962,0.877,0.849,0.792,0.792,0.877,0.792,0.792,0.764,0.764,0.736,0.736,3.82,2.773,2.094,1.811,1.811,2.009,10.273,8.716,5.632,4.16,3.17,2.717,2.802,2.321,2.179,2.292,4.443,7.471,5.603,4.33,3.283,2.66,2.179,1.924,2.207,10.301,7.981,4.358,2.83,2.264,2.066,1.726,1.415,1.302,1.33,1.585,1.67,4.839,3.622,2.83,2.377,1.981,1.84,1.755,1.67,1.5,1.33,1.217,2.66,2.547,2.038,1.811,1.585,1.358,1.189,1.189,3.764,6.594,4.67,3.453,2.745,2.292,1.981,1.698,1.5,1.274,3.538,5.66,3.566,2.773,2.292,1.924,1.613,2.292,2.207,1.726,1.585,1.472,1.358,1.302,1.189,1.104,1.33,1.472,1.274,1.67,1.84,4.471,7.698,7.386,4.415,3.056,2.321,1.84,1.5,1.245,1.075,0.906,0.792,0.679,0.594,0.538,0.481,0.453,0.396,0.34,0.453,0.594,0.424,0.594,0.368,0.311,0.269,0.241,0.218,0.198,0.198,0.192,0.175,0.173,0.99,1.33,2.773,1.33,2.434,5.66,2.887,1.868,1.358,1.075,0.849,0.764,0.679,0.566,0.509,0.453,0.396,0.34,3.0,3.481,1.358,0.962,0.792,0.764,0.594,0.509,0.623,0.566,0.453,0.368,0.311,0.272,0.235,0.232,0.209,0.195,0.173,0.153,0.226,0.34,0.28,0.226,0.17,0.144,0.133,0.127,0.127,0.122,0.116,0.113,0.105,0.099,0.093,0.091,0.091,0.088,0.085,0.082,0.082,0.212,0.17,0.11,0.096,0.091,0.093,0.093,0.096,0.195,0.195,0.113,0.099,0.13,0.246,0.125,0.105,0.116,0.099,0.088,0.088,0.088,0.085,0.079,0.102,0.127,0.093,0.082,0.079,0.093,0.119,0.096,0.091,0.082,0.079,0.079,0.076,0.076,0.074,0.088,0.091,0.079,0.076,0.076,0.091,0.11,0.082,0.079,0.085,0.088,0.082,0.076,0.074,0.074,0.074,0.076,0.102,0.096,0.085,0.082,0.679,0.623,0.396,0.266,0.19,0.153,0.272,0.212,0.17,0.153,0.142,0.139,0.139,0.133,0.133,0.133,0.127,0.127,0.127,0.127,0.127,0.142,0.136,0.13,0.127,0.122,0.119,0.116,0.116,0.113,0.11,0.11,0.11,0.113,0.509,0.275,0.181,0.156,0.147,0.142,0.139,0.133,0.127,0.147,0.212,0.161,0.144,0.139,0.136,0.34,0.368,0.272,0.249,0.232,0.224,0.204,0.198,0.19,0.184,0.184,0.175,0.164,0.158,0.147,0.144,0.136,0.133,0.13,0.125,0.125,0.127,0.127,0.122,0.122,0.125,1.387,0.708,0.538,0.368,0.255,0.238,0.226,0.215,0.181,0.164
1999,0.153,0.127,0.226,0.934,0.708,0.651,0.594,0.566,0.623,0.651,0.679,0.736,0.764,0.99,1.047,1.132,1.415,3.113,2.207,1.528,1.755,2.83,4.528,25.47,7.613,4.302,3.085,2.604,2.236,1.783,1.528,1.896,3.679,2.943,2.434,2.066,1.811,1.585,1.387,1.189,1.075,1.047,1.67,1.896,1.415,1.358,1.274,1.387,1.302,1.132,1.019,0.934,0.877,0.821,0.792,0.736,0.651,0.708,0.849,0.877,0.736,0.764,6.594,3.113,2.462,1.953,1.698,1.415,1.302,1.217,1.075,0.99,0.877,0.821,0.906,1.16,2.094,1.755,1.5,1.726,2.207,1.84,2.122,2.236,1.981,1.868,1.924,1.981,1.981,1.896,2.009,2.604,2.179,2.094,1.868,1.613,1.387,1.189,1.641,1.84,1.67,1.84,1.585,1.387,1.245,1.274,1.415,1.217,1.104,1.16,1.075,1.019,1.245,1.443,1.16,1.104,1.019,0.962,0.906,0.849,0.764,0.708,0.679,0.651,0.623,0.566,0.538,1.811,1.755,1.274,1.104,0.99,0.906,0.849,0.736,0.651,0.594,0.538,0.962,0.679,0.566,0.509,0.651,0.679,0.792,0.651,0.566,0.509,0.453,0.424,0.368,0.34,0.34,0.368,0.311,0.28,0.258,0.235,0.221,0.201,0.178,0.173,0.161,0.139,0.142,0.147,0.136,0.368,0.481,0.232,0.178,0.153,0.142,0.133,0.119,0.105,0.105,0.102,0.113,0.255,0.209,0.127,0.125,0.113,0.093,0.085,0.076,0.068,0.059,0.054,0.088,0.074,0.059,0.054,0.051,0.051,0.045,0.04,0.037,0.045,0.059,0.051,0.065,0.074,0.051,0.059,0.057,0.048,0.037,0.034,0.028,0.028,0.031,0.031,0.025,0.023,0.023,0.028,0.024,0.028,0.04,0.034,0.031,0.028,0.031,0.108,0.074,0.051,0.037,0.048,0.048,0.424,0.368,0.147,0.091,0.068,0.057,0.062,0.26,0.17,0.099,0.071,0.057,0.051,0.045,0.037,0.034,0.034,0.074,0.764,0.34,0.175,0.127,0.099,0.079,0.071,0.074,0.105,3.424,3.566,1.387,0.821,0.651,1.132,2.49,1.698,1.16,0.849,0.679,0.566,0.509,0.566,8.037,3.481,2.179,1.556,3.311,2.292,1.84,1.415,1.189,1.104,1.585,1.443,1.104,1.019,1.613,1.217,1.104,1.019,0.962,0.849,0.821,0.764,0.764,0.906,0.764,0.679,0.623,0.594,0.566,0.538,0.509,0.481,0.481,0.764,1.33,0.906,0.821,0.764,0.708,0.679,0.651,0.623,0.594,0.538,0.538,0.509,0.481,0.481,0.424,0.396,0.396,0.424,0.424,0.396,0.368,0.368,0.509,1.641,2.972,1.981,1.67,1.358,1.132,1.019,0.962,0.906,0.821,0.962,0.849,0.764,0.708,0.736,0.736,0.651,0.651,2.094,3.424,2.745,2.236,1.896,1.585,1.783,2.236,1.726,1.472,1.302,1.274,1.302,1.047,0.99,0.934,0.792,0.708
2000,0.651,0.679,0.708,1.472,1.585,1.104,1.047,0.99,0.962,3.538,3.792,2.632,1.698,1.358,1.217,0.99,1.075,0.962,0.877,0.821,0.764,0.708,0.679,0.623,0.594,0.651,0.594,0.538,0.481,0.453,0.509,0.509,0.453,0.424,0.396,0.368,0.34,0.311,0.34,0.311,0.283,0.283,0.34,0.708,3.679,2.83,1.16,0.906,0.877,0.877,0.764,0.708,0.708,0.906,1.302,3.198,4.415,6.084,11.66,3.849,3.254,2.49,2.094,1.84,1.556,1.358,1.302,1.245,1.189,1.726,4.217,2.83,2.349,2.009,2.038,3.424,2.349,2.094,1.868,4.019,5.32,3.481,2.632,2.151,1.811,1.585,3.679,2.462,2.038,1.726,1.443,1.302,1.189,5.518,3.736,2.802,2.151,3.028,5.207,3.792,3.254,2.745,2.207,1.896,1.613,1.443,1.472,3.17,2.717,2.292,3.085,3.566,2.717,2.207,1.811,1.528,1.33,1.189,1.047,0.934,0.877,0.934,0.792,0.736,0.708,0.651,0.623,0.594,0.538,0.651,0.736,0.594,0.538,0.623,0.509,0.453,0.424,0.453,1.047,0.906,0.821,1.019,1.302,7.613,4.613,2.773,1.924,1.556,1.245,1.019,0.906,0.792,0.708,0.651,0.566,0.651,1.104,0.849,0.651,0.566,0.509,0.623,2.236,2.066,1.726,1.472,3.254,4.471,3.481,2.802,2.009,2.038,2.377,1.528,1.189,1.783,2.745,3.085,2.406,1.84,1.415,1.104,0.934,0.821,0.764,0.679,0.594,0.509,0.453,0.396,0.396,0.34,0.311,0.28,0.283,0.594,0.481,0.34,0.283,0.249,0.246,0.263,0.311,0.241,0.212,0.201,0.192,0.192,0.187,0.164,3.594,2.434,5.66,4.839,2.632,1.84,1.302,1.358,1.953,1.387,1.104,0.934,0.99,0.906,0.764,0.651,0.566,0.481,0.424,0.368,0.368,0.311,0.28,0.255,0.566,0.453,0.311,0.255,0.229,0.229,0.229,0.207,0.204,0.424,0.566,0.368,0.283,0.238,0.204,0.192,0.181,0.17,0.161,0.153,1.556,3.509,1.217,1.047,0.934,0.708,0.594,0.538,0.509,0.453,0.396,0.368,0.396,0.368,0.396,0.368,0.311,0.277,0.258,0.255,0.243,0.229,0.218,0.311,0.708,0.453,0.368,0.34,0.34,0.311,0.283,0.277,0.269,0.258,0.258,0.311,2.434,1.641,1.245,1.047,0.906,0.792,0.708,0.679,0.623,0.594,0.566,0.538,0.509,0.481,0.453,0.453,0.424,0.396,0.396,0.368,0.34,0.34,0.34,1.641,2.688,1.783,1.5,1.358,1.189,1.047,0.99,0.877,0.821,0.764,0.708,0.651,0.651,0.623,0.566,1.981,1.953,1.641,1.472,1.358,1.16,1.047,1.019,0.962,0.906,0.877,0.792,0.679,0.651,0.594,0.594,0.736,0.764,0.792,0.566,1.302,19.81,6.396,3.764,2.773,2.717,1.924,1.528,1.302,1.245,1.189,1.132,1.075,1.019,0.962,0.906
2001,0.849,0.792,0.736,0.736,0.792,0.792,0.679,0.623,0.594,0.594,0.566,0.538,0.509,0.481,0.453,0.453,0.453,0.424,0.424,0.396,0.396,0.424,0.538,0.594,0.481,0.538,0.481,0.424,0.424,0.708,1.274,0.764,0.679,0.708,0.708,0.623,0.623,0.594,0.566,0.736,2.773,2.066,1.698,1.556,1.67,2.66,2.094,1.924,1.755,1.585,1.443,1.387,1.358,1.358,1.358,1.189,1.245,1.019,0.962,0.962,0.934,0.849,0.821,0.962,0.906,0.764,0.708,0.708,0.708,0.679,0.679,1.868,1.726,1.5,1.5,2.207,2.377,2.066,2.038,2.802,3.481,3.0,2.717,2.292,1.953,1.698,1.556,1.387,6.707,4.16,3.226,2.66,2.292,2.264,2.434,3.424,4.528,4.839,5.037,5.066,3.538,2.915,2.49,2.122,1.868,2.236,2.038,1.896,1.698,1.556,1.613,1.726,1.5,1.415,1.274,1.189,1.075,0.99,0.906,0.849,0.792,0.736,0.708,0.623,0.594,0.566,0.509,0.481,0.481,0.424,0.396,0.453,0.453,0.368,0.34,0.311,0.283,0.311,0.283,0.269,0.258,0.368,0.368,0.272,0.238,0.243,0.396,0.623,0.368,0.311,0.258,0.241,0.623,0.736,0.538,0.424,0.368,0.311,0.283,0.266,0.241,0.235,0.263,0.368,0.229,0.201,0.229,0.538,0.249,0.195,0.178,0.181,2.151,6.566,3.198,1.896,1.274,0.934,0.736,0.594,0.509,0.594,0.566,0.424,0.396,0.368,0.34,0.28,0.283,0.269,0.246,0.594,0.34,0.255,0.226,0.209,0.204,0.212,0.246,0.192,0.178,0.15,0.139,0.122,0.122,0.113,0.164,0.156,0.122,0.108,0.108,0.113,0.116,0.096,0.088,0.161,0.127,0.091,0.082,0.074,0.065,0.079,0.108,0.082,0.082,0.068,0.057,0.065,0.424,0.158,0.133,0.453,0.175,0.125,0.116,0.133,0.102,0.085,0.085,0.187,0.266,0.136,0.167,0.509,0.192,0.136,0.15,0.204,0.127,0.105,0.091,0.088,0.099,0.119,0.088,0.088,0.311,0.175,0.122,0.099,0.085,0.079,0.178,0.277,0.15,0.119,2.038,6.99,2.179,1.302,1.019,0.877,0.679,0.538,0.481,0.424,0.368,0.311,0.34,0.311,0.272,0.258,0.258,0.243,0.243,0.238,0.235,0.623,0.424,0.764,0.481,0.453,0.396,0.368,0.368,0.396,0.821,0.623,0.538,0.509,0.453,0.453,0.424,0.396,0.368,0.368,0.368,0.368,0.34,0.311,0.311,0.311,0.283,0.277,0.272,0.258,0.249,0.243,0.243,0.243,0.238,0.224,0.218,0.255,0.238,0.221,0.212,0.218,3.707,3.424,2.122,1.585,1.613,2.49,3.17,2.292,1.84,1.528,1.302,1.16,1.047,0.962,1.16,1.019,0.934,0.906,1.274,1.443,1.585,1.33,1.613,3.424,2.519,2.122,1.755,1.443,1.274,1.415,1.132,0.99,0.962,0.849,0.792,0.679,0.623
2002,0.566,0.538,0.509,0.481,0.453,0.509,0.509,0.453,0.481,0.538,0.538,0.509,0.481,0.453,0.424,0.424,0.396,0.396,0.623,0.481,0.424,0.368,0.396,0.651,0.877,0.708,0.736,0.906,1.33,2.745,2.717,3.481,2.858,2.207,1.868,1.472,1.245,1.075,0.99,0.877,1.5,4.245,2.292,1.896,1.641,1.387,1.217,1.104,0.934,0.877,0.821,0.99,0.849,0.764,0.679,0.651,0.708,0.906,0.736,0.708,0.708,2.575,1.585,1.415,1.302,1.132,1.047,1.019,2.632,1.556,1.415,1.302,1.189,1.075,2.519,1.811,1.698,1.613,2.038,2.604,2.349,1.924,1.755,1.67,6.368,7.981,4.443,3.339,2.858,2.321,2.151,1.755,1.556,1.274,1.132,1.019,0.934,0.877,0.906,1.104,0.849,0.792,0.849,1.472,3.764,2.377,1.953,1.641,1.443,1.302,1.16,1.104,1.047,0.906,0.906,0.877,0.792,2.009,2.151,1.789,1.619,2.674,2.108,1.786,1.554,1.336,1.228,1.073,1.576,1.285,1.047,2.442,18.735,14.065,5.717,3.566,2.765,5.915,3.82,3.0,2.442,1.947,1.61,1.364,1.132,0.988,0.866,0.781,0.739,0.668,0.73,0.654,0.541,0.473,0.439,1.05,5.066,4.245,2.323,1.658,1.257,1.016,1.118,1.169,1.893,5.094,4.952,3.17,2.256,1.862,1.449,1.121,0.925,0.809,0.702,0.623,0.558,0.535,0.512,0.433,0.376,0.337,0.32,0.303,0.308,0.303,0.242,0.227,0.2,0.196,0.225,0.182,0.164,0.161,0.149,0.141,0.128,0.122,0.116,1.047,0.671,0.255,0.19,0.393,0.436,0.236,0.198,0.188,0.222,0.217,0.171,0.144,0.122,0.117,0.137,0.105,0.114,0.172,0.108,0.093,0.082,0.077,0.075,0.069,0.067,0.062,0.058,0.055,0.057,0.065,0.063,0.062,0.06,0.056,0.078,0.125,0.145,0.081,0.064,0.057,0.057,0.062,0.06,0.078,0.159,0.082,0.066,0.057,0.053,0.05,0.048,0.046,0.042,0.042,0.041,0.04,0.04,0.175,0.199,0.095,0.069,0.062,0.062,0.091,1.613,3.99,0.682,0.371,0.289,3.028,3.056,1.344,0.897,0.708,0.56,0.475,0.433,0.529,0.405,0.345,0.308,0.278,0.27,2.023,26.319,6.509,3.622,2.434,8.999,7.613,4.047,2.972,2.298,1.749,1.426,1.194,1.022,0.976,3.368,2.131,1.752,1.517,1.426,1.327,1.214,1.081,0.942,0.872,0.832,1.361,1.075,0.959,0.908,0.886,0.917,1.472,1.859,1.5,1.39,1.409,3.905,3.339,2.691,2.437,2.34,3.424,3.226,2.643,2.261,1.902,1.701,1.457,1.299,1.214,1.09,0.937,0.849,0.906,0.906,0.792,0.792,0.679,0.623,0.849,1.177,2.145,1.384,4.386,3.198,2.572,1.973,1.698,1.528,5.575,4.415,3.17,2.499,1.998,1.907,1.582,1.347,1.245,1.115,1.005,1.041
2003,3.085,4.16,2.748,2.253,1.873,1.67,1.46,1.392,1.426,1.404,1.217,1.132,1.019,0.962,0.906,0.849,0.792,0.651,0.736,0.736,0.792,0.679,0.623,0.566,0.623,0.509,0.679,0.623,0.566,0.509,0.424,0.396,0.424,0.396,1.189,1.415,0.962,0.792,0.679,0.651,0.623,0.594,0.538,0.509,0.481,0.453,0.566,0.623,0.792,0.679,0.509,0.481,0.566,3.396,2.547,1.924,1.358,1.245,1.231,1.087,1.044,0.962,1.624,0.872,0.815,0.792,0.838,0.758,0.792,0.849,0.708,0.645,0.679,0.696,1.658,5.122,7.245,6.226,11.433,15.084,8.971,5.83,4.132,3.254,3.141,2.773,2.171,2.728,3.254,2.666,2.343,3.396,3.17,2.638,3.368,2.581,2.23,1.989,1.814,1.78,3.736,3.934,2.943,2.383,1.989,1.704,1.514,1.307,1.18,1.05,0.959,1.078,0.951,0.863,0.787,0.846,0.826,0.736,0.708,0.671,0.64,0.662,0.623,0.569,0.541,0.538,0.524,0.574,0.521,0.484,0.569,0.767,0.659,0.586,0.546,0.606,0.733,0.625,0.566,0.518,0.538,0.504,0.478,1.398,1.356,1.33,1.126,1.112,1.401,1.056,1.262,6.849,4.104,2.858,2.53,1.97,1.579,1.95,1.718,1.373,1.138,1.067,1.259,1.121,0.928,0.807,0.691,0.628,0.795,0.674,1.497,11.178,5.858,3.594,2.298,1.619,1.225,0.982,0.818,0.696,0.628,0.56,0.49,0.441,0.388,0.348,0.323,0.419,0.424,0.391,0.365,4.868,1.254,0.795,0.628,0.532,0.543,0.45,0.495,0.478,0.382,0.379,1.964,1.271,1.005,0.94,0.736,1.296,3.085,1.523,1.104,0.889,0.996,1.29,4.5,2.27,2.151,2.001,1.673,2.355,5.32,4.443,6.113,5.802,3.594,2.558,1.797,4.641,4.188,2.516,1.842,1.438,1.132,0.951,0.795,0.665,0.583,0.538,0.509,0.45,0.433,0.512,0.424,1.124,4.613,3.424,6.452,3.453,2.258,1.633,1.279,1.033,0.869,0.747,0.654,0.674,0.744,0.64,0.781,0.566,0.504,0.665,0.874,0.611,0.543,10.584,3.651,2.298,1.675,1.373,1.545,1.16,0.962,0.911,0.829,0.758,1.344,1.242,0.982,0.897,0.852,0.795,0.744,0.679,0.642,0.614,0.733,4.952,2.182,1.738,1.489,1.31,1.124,1.03,0.945,0.86,0.792,0.739,0.708,9.339,6.226,6.735,4.585,3.283,2.544,2.069,1.755,1.523,1.871,1.862,1.534,1.364,1.223,1.135,1.115,1.157,1.172,1.016,0.931,0.872,0.841,0.792,6.311,9.198,4.528,3.085,2.374,2.145,2.145,1.706,1.528,2.972,4.726,3.17,2.564,2.063,1.704,1.486,1.347,1.276,1.121,1.075,0.937,1.174,21.961,7.358,3.99,3.141,2.555,2.049,2.139,1.919,1.622,1.426,1.225,1.132,1.474,6.226,5.179,3.481,2.677,2.196,1.893,2.312,1.862
2004,1.59,1.599,2.292,3.283,5.971,4.104,3.113,2.547,1.783,1.755,1.712,1.585,1.5,1.027,0.931,1.217,1.217,1.121,0.931,1.044,0.957,0.965,0.883,0.923,0.883,0.999,0.883,0.883,0.73,0.654,0.625,0.526,0.475,0.591,0.727,0.558,0.657,0.739,0.509,0.45,0.41,0.388,0.371,0.365,0.362,0.311,0.255,0.396,0.365,0.342,0.323,0.34,0.351,0.331,0.337,0.283,0.283,0.283,0.271,0.436,1.132,2.264,3.82,5.377,10.358,5.83,4.047,2.915,2.284,1.939,1.729,1.401,1.223,1.16,1.081,1.07,0.979,0.925,0.849,1.698,1.075,0.906,1.299,1.933,2.021,2.507,2.188,1.783,1.531,1.395,1.37,1.214,1.092,1.067,0.957,0.883,0.835,0.778,0.744,0.71,0.654,0.651,2.428,3.594,2.437,1.947,1.641,1.384,1.174,1.03,0.951,0.908,1.211,0.993,0.906,2.589,1.97,1.76,1.54,1.375,1.217,2.544,6.65,3.651,2.793,2.227,2.711,1.964,2.887,2.318,2.258,1.916,1.576,1.358,1.392,1.466,1.121,1.061,1.245,1.041,1.109,1.087,0.931,0.849,0.764,0.999,0.906,0.792,0.671,0.603,0.662,0.739,0.846,0.634,0.549,0.608,0.722,0.62,0.538,0.478,0.456,0.453,0.402,0.359,0.354,0.498,0.484,0.376,0.382,0.328,0.289,0.252,0.348,0.495,0.3,0.331,0.475,0.314,0.271,0.32,0.253,0.238,0.213,0.196,0.182,0.211,0.188,0.261,0.894,0.32,0.248,0.226,0.328,0.399,0.424,0.558,0.441,0.422,0.671,0.651,0.546,0.458,0.441,3.254,1.619,1.013,0.86,9.282,5.745,3.113,2.154,16.895,10.018,4.245,2.68,2.026,2.241,1.37,1.087,0.925,0.807,0.744,1.203,2.097,9.226,4.047,2.708,1.998,1.52,1.237,1.047,1.109,2.589,1.743,1.305,1.191,0.996,0.891,0.792,0.71,0.631,1.449,2.53,1.214,0.948,0.809,0.71,0.637,0.591,0.532,0.668,2.742,1.789,1.265,1.044,0.914,0.807,0.733,0.671,3.17,39.62,10.018,5.151,3.254,2.304,1.69,1.381,1.18,1.002,0.843,7.415,6.169,4.132,2.83,3.085,3.311,2.264,1.755,1.432,1.231,1.05,0.934,0.832,0.739,0.665,0.625,0.733,1.22,1.605,1.245,0.99,4.019,3.283,3.056,2.68,2.207,1.888,1.593,1.37,1.203,1.067,0.976,1.027,0.925,0.807,0.744,0.773,0.775,0.957,0.775,0.722,0.674,0.628,0.611,0.6,0.699,0.657,0.574,0.56,0.549,0.521,0.501,0.492,0.484,0.475,0.439,0.419,1.701,9.282,5.179,3.226,17.065,7.811,4.528,14.461,7.471,4.613,3.17,2.4,1.936,2.304,2.357,1.958,5.915,7.132,4.5,3.368,2.516,1.941,1.616,1.426,1.214,1.143,1.109,0.985,0.985,9.48,6.622,3.707,2.264,1.84,1.698,1.698,1.285,1.16
2005,1.075,0.931,1.831,4.273,2.623,4.273,3.651,3.877,3.056,2.539,2.154,2.915,7.584,24.083,8.32,4.868,3.283,1.619,1.619,1.404,1.257,1.075,0.982,0.982,1.075,0.982,0.982,1.075,1.075,1.104,0.988,0.911,0.872,0.838,0.727,0.589,0.487,0.45,0.475,0.942,2.663,1.075,0.979,0.866,1.203,3.877,4.019,3.226,2.25,1.556,1.415,1.347,1.112,0.968,0.792,0.792,0.764,0.736,0.676,0.716,0.625,0.651,0.651,0.651,0.651,0.637,1.562,1.893,1.84,1.415,0.826,0.524,0.524,0.659,0.659,0.606,0.583,0.62,0.758,1.005,0.965,1.455,1.46,1.384,1.429,1.582,11.32,24.112,9.396,7.075,6.934,26.659,28.866,10.103,5.886,4.188,3.396,2.83,2.315,1.924,1.627,1.423,1.279,1.135,1.002,0.911,0.849,0.807,0.767,0.713,0.671,0.645,1.653,3.424,2.321,1.947,1.772,1.531,1.37,1.316,1.271,1.149,1.067,0.965,0.889,0.838,0.807,0.75,0.693,0.659,0.631,0.58,0.532,0.552,0.931,0.608,0.552,0.512,0.481,0.467,0.45,0.444,0.43,0.427,0.416,0.388,0.351,0.354,0.354,0.348,0.331,0.281,0.258,0.244,0.379,0.294,0.405,0.402,0.277,0.235,0.217,0.467,0.277,0.218,0.195,0.177,0.24,0.308,0.237,0.203,0.182,0.167,0.153,0.145,0.125,0.113,0.572,0.441,0.199,0.169,0.176,0.142,0.132,0.114,0.106,0.112,0.182,0.129,0.9,0.345,0.236,0.17,0.147,0.134,0.119,0.119,0.135,0.193,0.188,0.156,0.134,0.113,0.107,0.102,0.09,0.108,0.1,0.191,0.115,0.092,0.082,0.079,0.075,0.072,0.068,0.064,0.111,0.152,0.084,0.086,0.169,0.099,0.078,0.113,0.193,0.184,0.11,0.09,0.087,0.073,0.071,0.074,0.068,0.059,0.054,0.051,0.046,0.044,0.044,0.078,0.082,0.086,2.018,0.826,0.286,0.173,0.123,0.098,0.085,0.077,0.071,0.066,0.061,0.056,0.052,0.051,0.051,0.051,0.054,0.073,0.069,0.058,0.054,0.053,0.049,0.047,0.047,0.047,0.162,0.323,0.106,0.132,0.142,0.088,0.075,0.068,0.064,0.062,0.062,1.95,4.386,1.766,0.948,0.651,0.535,0.951,1.746,1.225,0.889,0.676,0.586,0.498,0.424,0.374,0.504,1.274,0.812,3.368,4.245,2.762,1.941,1.556,1.302,1.146,1.053,1.432,1.087,0.954,0.849,0.886,1.098,0.852,0.832,1.37,1.01,0.886,0.815,0.739,1.203,5.32,4.5,2.694,1.927,1.559,1.33,1.364,1.16,1.027,0.841,0.73,0.702,1.007,15.508,18.678,5.632,3.679,2.688,2.219,1.834,1.599,1.274,0.99,0.99,0.849,0.849,0.849,0.708,0.708,0.566,4.245,2.264,1.698,1.556,1.415,1.415,1.274,1.132,0.849,1.46,2.134,1.723,1.619,3.141,3.509,2.72
2006,2.284,2.213,4.726,3.254,2.887,2.468,2.029,1.769,1.636,1.506,1.664,2.422,2.134,3.481,3.085,2.264,1.698,22.64,7.471,4.302,3.113,2.366,2.171,1.854,1.65,1.378,1.274,1.132,1.132,1.274,2.691,2.346,2.043,4.5,4.16,7.726,4.075,2.915,2.298,1.885,1.656,1.494,1.358,1.274,0.99,0.849,0.849,0.99,0.849,0.849,0.708,0.708,0.566,0.566,0.424,0.424,0.424,0.566,0.566,0.566,0.424,0.424,0.424,0.424,0.283,0.283,0.255,0.226,0.283,0.283,0.424,0.708,1.811,1.109,0.957,0.849,0.708,0.708,0.566,0.566,0.566,0.566,0.591,0.611,0.611,0.566,0.549,0.535,0.501,0.492,0.481,0.467,0.436,0.495,0.461,0.461,0.47,0.62,0.515,0.49,0.478,0.461,0.461,0.501,0.589,0.521,0.478,0.461,0.444,0.408,0.391,1.44,2.887,2.083,1.709,1.483,1.257,1.078,0.948,0.863,0.792,0.739,0.705,0.648,0.603,0.56,0.518,0.475,0.441,0.408,0.436,4.104,1.842,1.503,1.958,1.989,1.658,1.528,1.489,1.378,1.223,1.041,0.92,0.832,0.778,0.722,0.674,0.597,0.518,0.574,1.231,0.671,0.555,1.46,1.027,0.818,0.688,0.64,0.614,0.662,0.733,0.572,0.509,0.467,0.41,0.393,0.328,0.283,0.257,0.88,0.716,0.458,0.362,0.495,0.75,0.594,1.973,29.432,37.639,8.264,4.302,3.028,2.445,2.323,1.673,1.404,1.132,0.957,0.843,0.75,0.696,0.722,1.443,1.596,0.962,1.588,1.333,0.988,0.838,0.739,0.645,0.654,4.5,3.17,1.842,1.373,1.118,1.395,1.913,1.656,1.203,0.999,0.86,0.75,0.911,0.923,0.662,0.549,0.487,0.45,0.376,0.342,0.317,0.275,0.252,0.237,0.325,0.247,0.214,0.188,0.216,0.391,0.228,0.18,0.163,0.147,0.166,0.444,0.747,0.722,2.131,1.525,0.835,0.608,1.186,1.658,1.172,0.965,0.874,0.761,0.642,0.566,0.747,0.563,0.484,0.439,0.518,0.569,0.733,0.594,0.492,0.441,0.419,0.405,0.365,0.388,0.382,0.331,0.297,0.273,2.663,3.339,1.636,2.357,1.868,1.531,1.33,1.559,1.186,1.05,0.957,0.874,0.809,0.756,0.869,0.77,0.688,0.642,0.591,1.415,2.389,1.624,12.565,6.169,3.764,2.759,2.106,1.704,1.438,1.265,6.905,4.5,3.056,2.411,1.998,2.64,1.933,1.644,1.48,1.344,1.231,1.474,1.398,1.183,1.101,1.616,1.675,1.593,1.525,19.555,11.971,5.292,3.622,2.7,2.12,1.777,1.814,1.568,1.347,1.214,1.109,1.019,0.94,0.9,3.198,3.198,2.417,2.063,1.709,1.486,1.398,1.132,1.047,0.979,0.925,0.852,1.047,0.962,0.874,0.815,0.758,0.835,0.801,0.73,0.705,0.832,3.792,2.425,2.156,3.113,2.414,2.063,1.814,1.63,1.472
2007,2.737,2.074,1.794,1.675,2.411,11.914,5.915,9.679,5.66,3.905,2.887,2.459,2.261,2.321,4.302,4.188,3.085,2.621,2.332,1.896,1.698,1.54,1.341,1.197,1.101,1.047,0.99,0.934,0.877,0.849,0.849,0.821,0.708,0.651,0.623,0.594,0.566,0.566,0.538,0.538,0.509,0.509,0.481,0.566,0.623,0.566,0.538,0.509,0.481,0.47,0.45,0.515,0.49,0.441,0.402,0.371,0.368,0.359,0.354,0.337,4.245,3.113,2.086,1.627,2.066,2.12,2.012,1.517,1.126,1.373,1.203,2.244,5.603,12.933,6.905,4.358,3.113,2.456,2.069,1.783,2.972,6.424,5.207,5.122,4.896,4.839,3.934,2.887,2.326,1.97,1.854,2.038,1.616,1.491,1.415,1.245,1.129,1.058,0.982,0.903,0.829,1.766,1.879,1.466,2.887,2.943,3.0,3.453,4.358,4.273,3.736,2.943,2.4,2.026,2.108,2.357,1.899,1.704,1.59,1.407,1.299,2.417,1.644,1.494,1.384,1.242,1.095,1.007,0.925,0.886,0.883,0.77,0.702,0.62,0.572,1.064,1.146,0.775,0.685,0.64,0.6,0.543,0.501,0.467,0.424,0.41,0.396,0.405,0.34,0.308,0.303,0.464,0.3,0.268,0.276,0.291,0.255,0.232,0.225,0.464,0.25,0.209,0.228,0.427,0.258,0.206,0.188,0.174,0.164,0.163,0.208,0.154,0.143,0.129,0.12,0.119,0.112,0.105,0.166,0.228,0.135,0.111,0.1,0.096,0.119,0.181,0.191,0.125,0.101,0.089,0.083,0.107,0.157,0.095,0.079,0.075,0.069,0.063,0.126,0.116,0.121,0.085,0.07,0.083,0.147,0.095,0.076,0.078,0.117,0.087,0.072,0.064,0.056,0.052,0.045,0.04,0.034,0.034,0.042,0.925,0.199,0.167,0.138,0.096,0.076,0.065,0.058,0.055,0.055,0.05,0.046,0.097,0.558,0.376,0.193,0.143,0.121,0.111,0.09,0.077,0.07,0.09,0.134,0.078,0.063,0.055,0.053,0.048,0.046,0.046,0.042,0.04,0.055,0.248,0.162,0.093,0.074,0.131,0.106,0.076,0.067,0.061,0.058,0.055,0.055,0.051,0.049,0.046,0.04,0.054,0.155,0.094,0.068,0.058,0.055,0.055,0.054,0.051,0.051,0.051,0.051,0.052,0.211,0.164,0.25,0.14,0.105,0.089,0.078,0.073,0.07,1.126,1.463,0.45,0.291,0.447,2.304,1.316,0.88,2.519,1.757,1.183,0.903,0.739,0.631,0.558,0.484,0.447,0.413,0.792,0.603,0.492,0.461,0.473,0.481,0.416,0.552,0.535,4.217,3.028,2.029,1.644,1.531,2.372,2.807,2.632,2.021,1.602,1.367,2.807,5.858,3.311,2.524,1.933,1.59,1.378,1.774,1.404,1.18,1.005,0.92,0.855,0.812,1.019,1.121,4.019,3.17,2.505,2.004,2.043,1.661,1.344,1.2,1.101,1.002,0.937,7.132,7.726,4.047,2.887,2.332,1.896,3.82,2.705,2.357
2008,2.083,1.63,1.426,1.245,1.307,1.197,2.086,2.674,3.339,2.762,8.971,5.858,3.82,3.0,2.377,1.896,1.59,1.472,1.282,1.146,0.883,0.914,0.974,0.852,0.747,0.702,0.724,0.648,0.563,1.078,0.894,1.472,4.924,3.0,2.326,2.915,9.311,9.113,4.924,3.509,2.691,1.823,1.579,1.823,2.125,1.624,1.412,1.257,9.226,5.66,3.594,2.536,2.253,1.82,1.593,1.412,2.536,2.584,1.746,1.455,1.203,1.268,6.566,26.178,7.499,6.707,10.386,6.99,4.415,3.283,2.595,2.006,1.786,2.244,2.004,1.664,1.54,2.581,6.877,3.905,2.887,2.205,1.76,1.491,1.407,1.296,1.483,1.282,1.109,1.251,1.421,1.375,1.282,1.622,1.692,1.491,1.39,1.344,1.265,1.155,1.129,1.545,1.276,1.143,1.044,0.971,0.908,0.843,0.784,0.724,0.671,0.614,0.591,0.603,0.543,0.521,0.532,0.741,0.838,0.654,0.608,0.608,0.628,1.998,1.353,1.203,1.092,1.271,1.358,1.415,1.174,1.268,1.098,0.971,0.982,1.91,2.708,2.672,2.391,1.905,1.644,1.463,1.265,1.084,0.948,0.843,1.14,1.101,0.821,0.71,0.674,0.645,0.543,0.484,0.787,0.586,0.495,0.549,0.603,0.495,0.405,0.359,0.311,0.278,0.283,0.328,0.311,0.359,0.297,0.271,0.247,0.236,0.376,0.331,0.256,0.21,0.205,0.199,0.189,0.458,0.764,0.331,0.254,0.261,0.303,0.239,0.2,0.18,0.169,0.149,0.149,0.132,0.125,0.323,0.637,0.249,0.179,0.263,0.266,0.181,0.222,0.396,0.232,2.686,1.435,0.744,0.524,0.453,0.357,0.306,0.269,0.254,0.229,0.224,0.206,0.185,0.169,0.289,0.202,0.185,0.178,0.153,0.16,0.149,0.135,0.146,0.133,0.13,0.114,0.1,0.088,0.086,0.081,0.078,0.073,0.066,0.065,0.064,0.059,0.059,0.088,0.098,0.086,0.065,0.058,0.054,0.05,0.047,0.119,0.21,0.1,0.552,0.331,0.169,0.209,0.276,0.209,0.158,0.124,0.109,0.094,0.085,0.08,0.08,0.086,0.08,0.07,0.064,0.068,0.577,1.718,0.968,0.475,0.433,0.379,0.308,0.248,0.222,0.194,0.177,0.174,0.174,0.168,0.16,0.149,0.145,0.145,0.141,0.141,0.144,0.138,0.138,0.138,0.138,0.138,0.131,0.131,4.386,3.509,1.641,2.943,2.377,1.534,1.353,1.449,1.412,1.274,1.126,1.007,0.92,0.852,0.849,0.778,0.682,0.614,0.574,0.645,0.659,3.226,3.453,2.258,1.726,1.452,1.324,1.126,0.957,0.88,0.841,0.92,0.855,0.798,0.758,0.716,0.724,4.273,2.321,1.763,1.59,1.426,1.24,1.095,0.971,0.968,5.207,5.094,6.764,3.707,2.688,2.615,2.584,2.202,1.814,1.706,1.486,1.364,1.245,1.189,1.913,5.066,2.768,2.272,5.009,4.386,3.17,2.445
2009,1.905,1.593,1.378,1.163,1.107,0.985,1.823,1.523,1.138,1.112,0.985,0.954,0.889,0.792,0.744,0.628,0.563,0.608,0.64,0.6,0.58,0.563,0.543,0.524,0.475,0.427,0.393,0.419,0.515,0.487,0.385,0.351,0.376,0.351,0.337,0.323,0.314,0.303,0.56,0.778,0.543,1.251,3.396,3.17,2.233,1.715,1.452,1.268,1.166,1.197,1.064,0.826,0.795,0.628,0.388,0.487,0.594,1.16,2.139,1.367,1.16,0.99,0.99,1.041,1.087,1.22,1.647,4.16,2.771,2.19,1.74,1.491,1.401,1.276,1.138,1.041,0.985,0.996,0.917,0.838,0.798,0.761,0.724,0.691,0.719,0.812,0.722,0.764,0.798,0.708,0.716,0.767,3.651,5.179,3.254,3.254,2.666,2.077,1.723,1.517,1.528,1.324,1.174,1.073,1.466,1.183,1.041,0.982,0.94,1.121,1.89,1.69,1.511,1.423,1.31,1.174,1.036,0.948,0.9,0.832,0.857,0.838,0.756,0.773,0.866,0.993,1.494,1.214,1.322,1.109,0.99,0.914,0.824,1.556,1.964,1.879,4.415,2.677,2.029,1.616,1.358,1.135,0.982,0.877,0.784,0.733,0.889,0.804,3.056,1.653,1.285,1.013,0.942,0.914,0.849,0.792,0.79,0.662,0.591,0.552,0.501,0.481,1.197,0.651,0.526,0.473,0.419,0.422,1.177,1.09,1.104,1.514,1.107,0.889,0.775,0.659,0.603,0.577,0.515,0.475,0.702,0.631,1.109,0.77,0.727,0.538,0.458,0.521,0.467,0.396,0.348,0.328,0.374,0.297,0.266,0.245,0.231,0.232,0.258,0.222,0.197,0.182,0.182,0.259,0.6,0.345,0.254,0.235,0.19,0.572,3.0,7.273,4.33,3.509,2.655,1.633,1.234,0.957,0.795,0.665,2.233,1.922,2.81,3.707,2.612,1.95,1.466,1.197,0.965,0.835,0.968,0.906,0.838,0.75,0.64,0.558,0.492,0.422,0.393,0.589,1.469,0.971,0.727,0.617,0.543,0.484,0.424,0.385,0.345,0.32,0.314,0.3,0.282,0.314,0.529,0.379,0.303,0.268,0.294,0.402,0.314,0.259,0.235,0.226,0.207,0.207,0.207,0.194,0.186,0.634,0.908,0.631,0.458,0.396,0.391,0.954,0.608,0.532,0.501,0.642,0.543,0.608,0.883,0.691,0.62,0.597,0.566,0.631,0.824,1.07,1.138,0.974,0.911,0.86,0.826,0.787,13.442,7.16,3.849,2.592,6.028,4.471,3.283,2.858,2.357,1.808,1.579,1.412,1.285,1.146,1.013,0.931,0.857,0.809,0.75,0.699,0.657,0.64,0.603,0.572,0.532,0.509,0.722,2.343,1.262,1.107,1.024,1.007,1.078,1.064,1.477,1.322,1.208,1.2,1.098,1.084,3.538,2.289,1.927,1.644,1.443,1.324,2.539,2.292,1.622,1.449,2.287,2.581,2.83,2.479,2.018,1.715,1.556,1.415,1.274,1.078,1.024,0.982,0.88,2.295,2.822,2.08,1.421,1.138,1.24
2010,1.186,1.05,0.993,0.996,0.979,0.934,0.821,0.756,0.708,0.676,0.654,0.688,0.645,0.651,0.642,0.589,0.569,1.508,1.024,0.832,0.741,0.744,0.671,0.792,37.356,9.169,4.641,3.113,2.055,1.743,1.551,1.511,1.511,1.316,0.99,0.886,0.744,0.634,0.56,0.549,0.597,0.648,0.572,0.549,0.577,0.529,0.504,0.484,0.464,0.444,0.439,0.424,0.424,0.424,0.427,0.422,0.572,0.487,0.422,0.393,0.391,0.391,0.379,0.374,0.408,0.424,0.563,0.807,1.039,2.335,4.075,5.292,5.377,4.019,3.254,2.493,2.083,1.78,1.562,1.39,1.757,3.198,2.281,1.953,2.272,1.755,2.012,4.188,3.198,6.141,5.547,4.386,3.283,2.499,2.026,1.803,1.571,1.429,1.551,1.234,1.095,0.999,0.928,0.86,0.809,0.801,0.872,0.756,0.682,0.637,0.603,0.58,0.549,0.509,0.843,1.098,1.409,1.058,0.957,0.889,0.841,0.778,0.761,0.705,0.674,0.617,0.555,0.883,0.651,0.558,0.549,1.401,0.897,1.115,0.974,0.843,0.773,0.741,0.744,0.665,0.577,0.521,0.504,0.475,0.433,0.399,0.365,0.34,0.328,0.311,0.28,0.34,0.3,0.257,0.228,0.217,0.268,0.256,0.199,0.239,0.323,0.221,0.185,0.175,0.177,0.158,0.221,0.368,0.215,0.16,0.145,0.128,0.14,0.192,0.147,0.132,0.112,0.111,0.111,0.11,0.092,0.084,0.079,0.073,0.067,0.062,0.059,0.059,0.057,0.053,0.357,0.149,0.095,0.109,0.116,0.108,0.082,0.071,0.061,0.059,0.059,0.065,0.052,0.056,0.067,0.207,0.198,0.092,0.066,0.073,0.06,0.051,0.053,0.094,0.065,0.057,0.052,0.051,0.047,0.04,0.036,0.035,0.035,0.586,0.492,0.162,0.176,0.276,0.151,0.101,0.081,0.069,0.059,1.554,0.756,0.467,0.345,0.283,0.214,0.167,0.151,0.132,0.115,0.105,0.097,0.091,0.084,0.082,0.079,0.073,0.067,0.062,0.062,0.062,0.068,0.079,0.067,0.059,0.059,0.074,0.074,0.068,0.069,0.064,0.08,0.12,0.096,0.082,0.073,0.114,0.815,0.34,8.66,9.707,3.17,1.774,1.542,2.165,3.651,3.934,2.456,1.825,1.443,1.231,2.156,1.423,1.206,1.104,0.948,0.809,0.705,0.631,0.58,0.558,0.512,0.475,0.456,0.436,0.478,1.726,1.101,0.971,0.937,0.88,0.778,0.722,0.685,1.231,1.579,1.225,1.087,1.064,0.999,0.934,0.863,0.795,0.75,0.71,0.682,0.903,7.726,3.82,2.748,2.162,1.789,1.582,1.44,1.257,1.265,3.056,2.015,1.706,1.545,2.408,28.3,10.103,5.009,3.226,2.411,1.916,1.573,1.347,1.092,1.033,0.954,5.745,5.745,3.141,2.247,1.817,1.698,1.344,1.2,1.084,0.928,0.838,0.733,0.625,0.591,0.509,0.439,0.541,0.492,0.439,0.427
2011,0.433,0.475,0.45,0.393,0.362,0.314,0.368,0.294,0.337,0.277,0.308,0.306,0.283,0.277,0.263,0.291,0.256,0.286,0.331,0.278,0.28,0.232,0.24,0.23,0.246,0.254,0.248,0.245,0.239,0.232,0.212,0.218,0.269,0.314,0.274,0.251,0.32,0.368,0.379,0.278,0.3,0.274,0.311,0.274,0.3,0.317,0.278,0.308,0.563,2.539,1.673,1.381,1.259,1.09,1.09,4.047,2.598,2.046,6.028,4.67,3.254,2.422,1.975,1.958,22.329,9.933,5.292,3.651,9.339,28.017,7.641,5.179,3.594,2.748,2.943,2.972,4.047,4.302,3.0,3.566,3.311,2.915,2.555,2.089,1.766,1.514,1.378,1.251,1.208,1.307,1.48,1.489,1.449,2.397,7.132,5.349,5.037,4.019,3.368,2.887,2.813,2.57,4.358,3.424,2.638,11.773,17.716,6.028,4.67,4.273,3.056,2.451,3.396,2.887,3.254,7.443,10.358,20.206,8.716,4.952,3.453,2.708,3.877,10.16,5.547,3.792,3.085,2.49,1.989,1.65,1.418,1.234,1.101,1.07,1.189,1.432,1.503,1.627,2.643,3.877,3.481,2.646,2.544,2.666,1.995,1.74,4.839,11.235,4.839,5.575,3.339,2.638,2.032,1.582,1.336,1.18,1.01,0.86,0.747,0.702,0.679,0.744,0.945,0.603,0.552,0.49,0.436,0.555,0.416,0.351,0.294,0.303,0.45,0.591,0.58,0.515,0.396,0.334,0.289,0.376,0.274,0.223,0.198,1.989,0.716,0.447,0.342,0.291,0.388,0.45,0.273,0.229,0.21,0.186,0.171,0.149,0.139,0.13,0.155,0.259,0.196,0.142,0.118,0.106,0.1,0.131,0.183,0.106,0.093,0.117,0.101,0.08,0.115,0.146,0.103,0.203,0.169,1.327,0.838,0.594,1.027,1.115,0.512,0.348,0.3,3.113,2.389,2.805,1.791,1.231,1.225,1.157,0.835,0.693,0.558,0.481,0.829,0.767,0.563,18.989,7.018,3.424,2.139,1.559,1.35,1.149,1.622,5.802,7.499,64.807,35.941,7.499,3.736,2.858,2.055,1.525,1.772,1.491,1.423,1.005,0.795,0.863,0.9,0.832,0.925,1.333,2.241,1.76,1.639,2.858,4.415,15.367,5.943,3.82,4.5,4.67,3.736,3.085,2.366,1.967,1.715,1.54,1.418,1.327,1.293,1.712,7.754,5.66,3.509,2.858,2.321,2.094,2.858,2.185,1.961,1.783,1.673,1.571,1.483,1.723,1.673,1.622,1.667,1.639,1.639,1.729,1.687,1.576,1.517,1.395,1.48,1.489,1.452,1.409,1.299,1.237,1.415,1.412,1.585,1.706,1.873,1.511,1.435,1.418,1.375,1.681,6.169,3.736,2.858,2.264,2.052,1.808,3.113,4.302,3.17,2.615,2.103,1.885,1.8,2.595,7.358,6.82,5.009,3.736,2.972,2.553,2.275,2.219,2.386,2.383,2.199,1.896,1.913,2.111,2.258,2.539,4.188,3.198,2.502,2.213,3.085,3.622,2.711,2.502,2.321
2012,2.19,2.122,1.873,1.661,1.752,1.54,1.494,1.378,1.177,1.214,1.109,2.572,4.075,2.972,2.289,2.046,2.306,2.018,1.783,1.698,1.423,1.579,1.542,1.783,1.786,1.579,4.471,3.424,2.751,2.306,2.004,1.735,1.573,1.438,1.373,1.234,1.129,1.115,1.024,0.948,1.274,1.274,1.254,1.16,0.787,0.795,0.886,1.061,0.942,0.849,0.79,0.727,0.739,0.804,1.452,1.407,1.109,1.14,1.138,2.018,2.083,3.0,2.57,2.114,1.851,1.865,3.283,7.132,4.273,3.028,2.366,1.953,1.542,1.435,1.361,1.262,1.177,1.24,1.324,1.16,1.075,1.007,0.954,0.903,0.821,0.699,0.691,0.657,0.583,0.651,0.623,0.668,0.543,0.509,0.473,0.441,0.413,0.399,0.379,0.379,0.399,0.376,0.342,0.32,0.325,0.311,0.286,0.265,0.257,0.248,0.273,0.391,2.261,1.67,1.486,1.358,1.296,1.135,1.03,0.954,1.002,0.925,1.251,1.288,3.424,1.953,1.709,2.972,4.67,2.915,2.128,1.706,1.506,1.749,9.141,4.896,2.785,1.848,1.449,1.293,1.174,1.078,1.126,0.951,0.838,0.741,0.645,0.58,1.398,1.274,0.843,0.722,1.78,1.118,1.341,1.254,1.115,1.044,0.962,0.857,0.781,0.676,0.807,0.841,0.625,0.529,0.478,0.427,0.391,0.422,0.362,0.314,0.317,0.337,0.26,0.535,0.325,0.252,0.216,0.207,0.179,0.162,0.149,0.138,0.136,0.136,0.125,0.128,0.149,0.133,0.115,0.109,0.105,0.091,0.091,0.16,0.436,0.17,0.136,0.222,0.611,0.492,0.25,0.174,0.145,0.12,0.271,0.778,0.804,0.617,0.342,0.303,0.526,0.306,0.229,0.214,0.948,1.01,0.566,0.424,0.419,1.121,0.79,0.566,0.47,0.529,0.461,0.376,0.331,0.303,0.257,0.294,0.351,0.245,0.219,0.195,0.18,0.173,0.173,0.509,0.254,0.194,0.164,0.151,0.142,0.145,0.158,0.657,0.376,0.634,0.631,0.642,0.413,0.323,0.275,0.247,0.234,0.249,0.218,0.197,2.493,2.006,1.126,0.889,0.739,0.648,0.552,0.507,0.487,0.484,0.94,0.688,0.597,0.555,0.668,0.832,0.756,0.733,0.679,0.64,0.654,0.586,0.563,0.535,0.507,0.47,0.464,0.464,0.439,0.422,0.402,1.07,0.908,0.761,0.699,0.722,0.79,0.696,0.659,0.642,0.642,3.736,10.726,6.0,3.481,2.425,1.879,1.534,1.268,1.152,1.104,1.027,0.94,0.869,0.815,0.775,1.259,1.05,0.962,0.923,0.891,0.852,0.812,0.784,0.741,0.699,0.682,0.659,0.611,0.566,0.555,0.509,0.49,0.47,0.464,0.467,0.461,0.458,0.591,0.484,0.49,0.897,0.787,1.007,1.556,1.262,1.191,1.135,1.073,1.024,1.047,2.632,1.916,1.658,14.292,5.802,3.538,2.57,2.233,1.896,1.783,1.489,1.378,1.16,0.988
2013,0.925,0.809,0.809,0.781,0.809,0.829,0.792,0.741,0.716,0.705,0.775,1.276,2.428,3.764,3.085,2.558,2.122,1.794,1.61,1.54,1.296,1.285,1.2,1.157,1.115,1.095,1.073,1.095,1.684,3.594,12.254,4.952,3.82,2.72,2.094,1.873,1.588,1.446,1.313,1.279,1.186,1.197,1.07,0.962,0.923,0.891,0.849,0.73,0.665,0.744,0.741,0.713,0.682,0.634,0.654,0.62,0.594,1.542,1.559,1.265,1.112,1.005,0.917,0.903,0.889,0.824,0.773,0.761,0.88,1.293,8.66,6.028,3.849,2.7,2.185,1.806,1.525,1.573,1.409,1.214,1.078,0.988,0.917,0.92,0.872,0.857,0.812,0.781,0.761,1.078,1.941,1.537,1.418,1.327,1.262,1.126,1.036,0.979,0.911,1.073,2.083,2.83,2.638,2.227,1.998,1.806,2.156,1.738,2.403,3.651,2.555,2.205,1.93,1.89,2.156,1.641,1.469,1.35,1.341,1.339,1.129,0.996,0.911,0.809,0.753,0.722,0.691,0.724,0.77,0.679,2.858,2.25,1.732,1.494,1.341,1.166,0.976,0.852,0.778,0.739,0.688,0.688,1.149,1.528,1.044,0.798,0.719,0.959,1.203,0.872,0.727,0.674,0.62,0.574,0.504,0.43,0.388,0.49,0.427,0.337,0.391,1.794,0.784,2.972,3.396,1.93,1.418,1.138,0.937,0.761,0.662,0.611,0.574,0.49,0.453,0.492,0.453,2.272,5.066,3.0,1.661,5.802,5.292,3.736,2.408,1.735,1.395,1.087,0.908,0.758,0.716,0.979,0.64,0.625,0.563,0.498,0.433,0.351,0.297,0.243,0.195,0.16,1.602,4.924,1.29,0.9,0.727,2.796,4.273,2.072,1.404,1.112,1.044,0.937,0.798,0.696,0.597,0.541,0.509,0.521,1.149,0.86,0.589,0.512,0.942,0.676,0.549,0.47,0.43,0.419,0.408,0.385,0.354,0.357,0.43,0.323,0.276,0.283,0.311,0.32,0.325,0.253,0.221,0.209,0.337,0.236,0.189,0.165,0.15,0.145,0.145,0.137,0.148,0.142,0.237,0.546,0.276,0.203,0.181,0.159,0.147,0.139,0.13,0.196,0.529,0.248,0.179,0.153,0.143,0.132,0.127,0.119,0.114,0.112,0.108,0.104,0.104,0.108,0.141,0.682,0.549,0.306,0.228,0.388,0.267,0.197,0.174,0.163,0.156,0.192,0.654,0.371,0.357,0.278,0.227,0.201,0.19,0.173,0.162,0.153,0.145,0.138,0.131,0.151,0.945,0.563,0.396,0.345,0.334,0.325,0.761,0.659,0.524,0.478,0.436,0.419,0.379,0.362,0.348,0.34,0.34,0.801,0.552,0.464,0.441,0.458,0.456,0.399,0.359,0.498,6.622,2.788,1.871,1.455,1.339,1.189,1.101,1.024,1.191,2.66,2.304,1.958,1.828,1.627,1.384,1.124,1.044,0.965,1.005,1.013,0.937,0.88,0.775,0.792,2.366,5.688,3.651,2.527,1.845,1.565,1.35,1.22,3.028,2.972,2.023
2014,1.715,1.562,1.415,1.432,1.486,5.207,2.199,1.865,1.63,1.534,4.386,3.254,2.275,3.283,2.666,2.21,1.856,1.624,1.367,1.279,1.24,1.149,1.121,1.041,1.061,1.022,0.982,0.923,0.843,0.764,0.693,0.583,0.552,0.541,0.504,0.464,0.447,0.416,0.396,0.371,0.331,0.282,0.289,0.351,0.362,0.325,0.3,0.297,0.289,0.303,0.359,0.993,1.924,0.954,0.767,0.753,0.753,0.702,0.741,0.64,0.603,0.501,0.515,0.49,0.45,0.45,0.413,0.49,0.549,1.115,3.141,3.424,2.052,1.687,1.35,1.087,1.033,1.067,1.14,1.118,1.186,1.194,1.019,0.979,0.993,0.931,1.169,1.678,8.943,3.934,3.056,2.759,2.612,3.849,3.622,2.623,2.564,3.764,2.824,2.275,3.056,3.396,2.714,2.4,6.764,5.632,3.622,2.788,2.287,1.927,1.681,1.528,1.387,1.217,1.126,1.155,1.053,0.999,0.988,1.183,2.222,1.69,1.508,1.418,1.257,1.149,1.07,1.078,1.013,1.027,1.007,0.954,0.937,0.877,1.075,7.811,4.471,2.799,2.151,1.769,1.537,1.622,1.517,1.401,1.16,1.03,2.04,3.594,1.565,1.361,1.172,1.07,1.019,1.056,0.906,0.999,0.824,0.722,0.642,0.623,0.614,0.597,1.257,1.115,0.99,0.815,0.727,0.654,0.591,0.62,0.529,0.416,0.348,0.308,0.294,0.43,0.713,0.41,0.365,0.267,0.25,0.222,0.297,0.94,1.01,0.56,0.371,0.498,1.143,1.129,0.832,0.637,0.558,0.526,0.713,1.152,1.121,0.775,0.668,0.606,0.558,0.586,0.538,0.436,0.357,0.294,0.261,0.254,0.379,0.345,0.237,0.231,0.199,0.173,0.314,0.374,0.23,0.275,0.173,0.134,0.119,0.102,0.089,1.07,6.396,1.44,0.886,0.665,0.589,0.487,0.422,0.475,0.541,0.444,1.35,0.906,0.64,0.521,0.461,0.388,0.334,0.297,0.331,0.334,0.317,0.41,0.264,0.214,0.194,0.203,0.157,0.134,0.129,0.179,0.156,0.19,0.205,0.127,0.109,0.094,0.076,0.068,0.065,0.148,0.419,0.149,0.103,0.084,0.064,0.06,0.056,0.05,0.045,0.046,0.049,0.038,0.098,0.083,0.05,0.047,0.325,0.164,0.093,0.076,0.063,0.059,0.059,1.59,4.075,1.862,1.474,1.177,1.036,0.908,0.809,0.957,0.815,0.798,0.79,0.665,0.541,0.441,0.393,0.396,0.365,0.325,0.32,0.297,0.289,0.308,0.334,0.308,0.281,0.267,0.254,0.245,0.222,0.218,0.207,0.186,0.467,0.543,0.362,0.359,0.308,0.294,0.342,2.83,2.176,1.84,1.602,1.24,1.206,1.18,1.455,1.327,2.802,1.992,1.76,3.594,3.509,2.522,2.227,2.012,1.769,1.525,1.375,1.316,1.293,1.364,1.67,1.511,1.384,1.296,1.225,1.163,1.39,2.972,4.415,2.972,2.304,1.975,1.664,1.432,1.251
2015,1.166,1.206,1.174,2.219,2.125,1.551,1.344,1.31,1.29,1.316,1.121,0.993,0.931,0.86,0.736,0.688,0.625,0.591,0.58,0.555,0.543,0.546,0.543,0.572,0.56,0.532,0.526,0.512,0.498,0.515,0.487,0.473,0.524,0.484,0.492,0.484,0.41,0.436,0.439,0.538,0.473,0.416,0.439,0.391,0.41,0.371,0.351,0.359,0.337,0.34,0.323,0.317,0.34,0.325,0.294,0.328,0.306,0.278,0.256,0.289,0.278,0.269,0.262,0.248,0.233,0.235,0.233,0.254,0.342,0.492,1.041,0.736,1.132,1.353,1.225,1.831,1.956,1.554,1.619,1.565,1.46,1.124,1.005,1.01,1.412,2.122,1.721,1.653,1.571,1.593,1.556,2.139,5.688,7.188,4.556,3.424,3.82,4.5,3.538,5.405,3.99,3.0,2.42,2.386,1.978,1.709,1.687,1.506,1.305,2.759,8.122,4.924,3.339,2.352,1.944,1.704,1.494,1.29,1.194,1.084,0.996,0.908,0.874,0.843,0.761,0.826,0.724,0.648,0.532,0.475,0.413,0.402,0.354,0.325,0.291,0.391,0.574,0.393,1.112,0.586,0.487,0.456,0.385,0.348,0.317,0.283,0.855,0.657,0.526,0.492,0.778,1.435,1.005,0.877,0.767,0.722,0.671,0.628,1.208,1.851,1.163,0.843,0.719,0.809,0.753,0.974,2.915,1.387,1.186,5.943,3.736,7.273,5.066,3.424,1.893,1.534,1.319,3.566,6.679,3.736,3.481,5.66,3.226,2.652,5.688,3.481,2.742,2.256,1.941,1.992,1.973,1.472,1.206,0.999,0.925,2.369,1.107,0.985,1.09,1.166,1.056,0.843,0.75,0.625,0.549,0.484,0.453,0.456,0.419,0.345,0.447,0.388,0.279,0.25,0.215,0.186,0.158,0.14,0.124,0.1,0.086,0.081,0.908,0.382,0.282,0.192,0.147,0.125,0.109,0.104,0.103,0.184,0.388,0.17,0.131,0.119,0.115,0.105,0.108,0.107,0.103,0.096,0.1,0.093,0.091,0.089,0.098,0.11,0.093,0.09,0.082,0.086,0.543,0.306,0.264,0.362,0.214,0.143,0.118,0.106,0.094,0.091,0.087,0.078,0.077,0.074,0.072,0.07,0.072,0.072,0.071,0.155,0.903,0.436,0.205,0.359,0.475,0.225,0.134,0.098,0.08,0.077,0.083,0.065,0.059,0.06,0.063,0.057,0.054,0.053,0.05,0.051,0.051,0.052,0.051,0.05,0.048,0.093,0.078,0.059,1.053,3.17,0.874,0.606,0.492,0.422,0.365,0.323,0.3,0.283,0.271,0.25,0.222,0.354,1.517,1.078,1.409,0.942,0.758,0.705,0.642,0.586,2.505,2.094,1.421,1.169,0.957,0.815,0.736,0.682,0.648,0.631,0.589,0.541,0.688,1.186,1.384,1.132,0.993,0.923,0.86,0.781,0.671,0.64,0.606,0.569,0.521,0.809,2.165,1.152,1.112,1.058,0.872,0.741,0.696,1.605,2.117,2.762,2.001,1.582,1.489,1.324,2.043,2.049,1.82
2016,1.542,1.313,1.138,0.897,0.623,0.558,0.509,0.47,0.614,7.216,4.16,2.561,1.975,1.528,1.339,1.732,1.404,1.115,0.852,0.841,0.778,0.705,0.674,0.674,0.631,0.611,0.594,0.586,0.577,0.538,0.501,0.518,0.467,2.114,1.432,1.067,0.957,0.877,0.843,0.841,0.773,0.657,0.597,0.549,0.495,0.391,10.556,5.009,2.261,1.613,1.551,1.098,0.94,0.792,3.707,6.99,3.113,2.089,1.712,1.234,1.157,0.937,0.86,0.77,0.744,0.71,0.665,0.625,0.631,0.911,0.801,0.773,0.897,0.866,0.792,0.739,0.719,0.688,0.659,0.64,0.617,0.597,0.572,0.591,0.549,0.521,0.716,0.625,0.566,0.577,0.594,0.603,0.606,0.603,0.597,0.572,1.789,2.055,1.568,1.316,1.242,1.29,1.104,1.061,1.03,0.951,0.88,0.815,0.75,0.702,0.665,0.645,0.637,0.586,0.555,0.591,0.541,0.538,0.597,0.543,0.651,1.231,1.169,1.109,1.056,1.203,1.237,1.098,0.982,0.891,0.818,0.73,1.016,0.99,0.996,0.852,0.773,0.724,0.671,0.623,0.594,0.696,0.688,0.566,0.515,0.481,0.47,0.461,0.427,0.413,0.396,0.359,0.337,0.405,0.362,0.546,0.549,0.43,0.478,0.45,0.374,0.334,0.294,0.257,0.236,0.209,0.291,0.234,0.185,0.165,0.147,0.261,0.177,0.145,0.138,0.123,0.114,0.108,0.131,0.148,0.115,0.152,0.15,0.108,0.099,0.133,0.117,0.099,0.094,0.09,0.085,0.074,0.067,0.064,0.105,0.104,0.075,0.068,0.069,0.069,0.062,0.057,0.054,0.051,0.046,0.047,0.06,0.05,0.047,0.045,0.098,0.34,0.111,0.106,0.078,0.062,0.053,0.071,0.068,0.048,0.043,0.06,0.119,0.478,0.214,0.171,0.122,0.164,0.236,0.212,0.147,0.103,0.637,0.526,0.272,0.212,0.136,0.128,0.103,0.09,0.079,0.071,0.069,0.074,0.067,0.063,0.059,0.053,0.05,0.047,0.048,0.053,0.065,0.078,0.059,0.046,0.048,0.07,0.053,0.047,0.116,1.919,0.396,0.286,0.22,0.178,0.156,0.141,0.131,0.139,0.126,0.125,0.218,0.26,0.308,0.27,0.227,0.197,0.175,0.156,0.147,0.147,0.134,0.121,0.113,0.112,0.11,0.1,0.098,0.222,0.162,0.137,0.186,0.32,0.424,0.294,0.297,0.28,0.257,0.45,0.538,0.405,0.41,0.427,0.382,0.362,0.351,0.34,0.328,0.314,0.297,0.289,0.308,0.3,0.283,0.27,0.268,0.26,0.256,0.253,0.244,0.23,0.234,0.265,0.261,0.251,0.24,0.247,0.27,0.294,0.297,0.286,0.342,0.674,1.958,1.313,1.107,0.965,0.968,0.951,1.157,1.101,0.957,0.88,0.846,0.855,0.801,0.781,0.733,0.92,0.795,7.726,4.104,2.439,1.876,1.568,1.327,1.206,1.124,1.047,1.562,1.472,1.341,1.248,1.135
2017,1.067,0.996,1.443,1.992,1.627,1.438,1.146,1.22,1.186,1.112,1.132,2.943,3.396,2.326,1.919,1.641,1.67,1.924,1.701,1.789,1.956,1.828,1.868,2.029,1.876,2.386,2.083,1.794,1.579,1.401,1.259,1.16,1.056,0.798,0.846,0.908,0.843,0.976,2.009,1.605,1.245,1.361,3.085,3.028,2.64,2.499,2.287,2.122,2.106,2.38,2.372,2.236,2.261,2.267,2.23,2.437,2.507,2.222,2.128,2.267,2.219,2.018,1.823,1.856,1.777,2.083,2.377,2.083,2.063,1.907,1.82,1.936,1.729,2.137,1.933,1.644,1.639,1.593,1.627,2.001,2.233,1.902,1.984,2.972,3.509,4.641,4.839,4.16,3.368,5.603,5.745,4.217,3.453,4.273,3.339,8.462,9.48,5.151,3.792,3.113,2.739,2.677,2.338,2.137,1.998,2.134,2.346,2.021,1.896,1.95,12.452,6.141,4.528,3.792,3.538,3.254,2.943,2.745,2.652,2.479,8.348,17.121,5.462,3.651,6.481,6.481,6.82,5.236,3.792,2.943,2.321,1.922,2.623,2.224,1.704,1.477,1.276,1.104,0.962,0.88,0.804,0.727,0.691,0.62,0.741,0.869,0.716,0.625,0.815,0.79,1.22,0.891,0.773,0.722,0.792,0.903,1.438,1.313,0.982,0.869,0.812,0.716,0.637,0.623,0.586,0.555,0.541,0.543,0.521,3.198,1.282,0.818,0.682,0.62,0.611,0.546,0.481,0.473,0.43,0.402,0.846,2.584,1.418,0.841,0.702,0.648,0.572,0.58,0.552,0.521,0.47,0.458,0.456,0.453,0.606,0.73,0.507,6.226,6.141,3.424,3.424,3.311,2.581,2.397,16.244,5.802,3.707,2.83,2.188,1.749,1.237,0.957,0.753,1.37,1.63,1.596,3.594,1.828,1.61,1.364,1.036,0.891,0.807,0.739,0.654,0.577,0.526,0.47,0.413,0.501,0.509,0.577,0.566,0.713,1.115,0.566,0.467,0.405,0.365,0.331,0.314,0.303,0.291,0.273,0.257,0.461,0.348,0.306,0.362,0.32,0.278,0.252,0.231,0.211,0.2,0.194,0.216,0.2,0.196,0.192,0.171,0.16,0.152,0.147,0.138,0.13,0.126,0.121,0.118,0.118,0.112,0.104,0.115,0.108,0.103,0.1,0.096,0.096,0.099,0.098,0.19,0.79,0.467,0.422,0.894,0.507,0.419,0.374,0.436,0.354,0.314,0.294,0.275,0.26,0.241,0.234,1.848,1.135,0.849,0.739,0.676,1.517,8.49,3.17,2.188,1.893,1.571,1.276,1.225,1.486,1.341,1.228,1.143,1.053,0.94,0.889,0.857,0.795,0.747,0.821,0.77,0.758,1.268,1.016,0.968,0.962,0.894,0.857,0.843,0.767,0.724,0.676,0.657,0.614,0.597,0.558,0.538,0.507,1.01,1.61,1.078,0.985,0.934,0.869,0.812,0.795,0.691,0.671,0.603,0.702,0.654,0.606,0.662,0.614,0.543,0.515,0.874,0.937,0.792,0.563,0.512,0.518,0.507,0.524,0.535
2018,0.518,0.504,0.416,0.427,0.391,0.348,0.32,0.328,0.362,0.328,0.357,7.613,11.462,3.311,2.377,2.473,1.293,0.787,0.744,0.662,0.563,0.792,5.802,3.396,1.873,1.191,0.923,0.849,0.671,0.558,0.453,0.515,0.365,0.345,0.419,0.27,0.441,0.458,0.515,0.447,0.549,1.177,2.106,1.395,1.514,2.606,6.905,4.641,3.056,2.49,2.887,2.858,4.217,4.132,5.037,7.641,4.811,3.509,2.672,2.972,7.698,3.962,2.972,2.544,2.207,1.947,1.627,1.466,1.279,1.237,1.18,1.101,1.002,0.948,0.883,0.835,0.824,0.781,0.739,0.71,0.685,0.654,0.634,0.606,0.58,0.591,0.645,0.75,1.387,1.228,1.155,1.288,1.675,2.516,2.21,2.072,1.862,1.579,1.37,1.245,1.126,1.056,0.968,0.88,0.815,2.858,2.717,2.205,2.089,1.859,1.61,1.418,1.274,1.183,1.752,1.491,1.469,1.59,1.375,1.248,1.143,1.044,0.982,0.962,0.874,1.514,1.622,1.288,1.197,1.29,1.242,2.776,3.339,2.858,3.538,9.339,7.726,4.613,8.037,5.349,3.396,8.292,10.528,4.868,3.113,2.247,2.915,2.103,1.605,1.31,1.169,1.087,0.931,0.824,0.716,0.64,0.58,0.507,0.45,0.399,0.821,0.665,0.467,0.436,0.654,0.405,0.348,0.314,0.294,0.325,0.275,0.267,0.242,0.289,0.279,0.257,0.224,0.259,0.631,0.348,0.262,0.239,0.245,0.3,0.654,0.832,1.871,0.654,0.458,0.368,0.323,0.297,0.268,0.247,0.232,0.368,0.334,0.464,0.433,0.276,0.237,0.286,1.412,8.773,13.188,38.488,14.008,5.462,3.028,2.086,1.992,1.755,3.311,5.745,20.234,9.962,3.934,2.182,1.831,1.902,1.644,1.879,17.235,5.49,54.619,17.263,9.198,5.009,4.33,3.311,2.312,1.794,1.576,1.698,1.288,1.061,0.917,0.818,0.747,0.654,0.574,0.524,0.631,0.574,0.507,0.473,0.487,0.419,0.351,0.337,0.323,0.47,7.584,4.811,2.915,2.188,1.746,1.438,1.194,1.407,4.188,2.567,1.936,1.63,1.828,1.35,1.135,3.566,4.5,4.245,6.113,3.934,2.887,2.239,10.188,9.962,5.094,3.311,2.448,2.052,1.735,1.673,1.409,2.272,1.772,1.718,1.429,1.296,1.282,1.143,1.007,0.959,0.942,0.954,0.821,0.767,0.713,0.668,0.637,2.247,2.49,2.439,1.978,1.74,1.59,2.122,5.066,3.962,5.349,6.311,6.396,5.462,5.632,5.179,3.566,2.887,3.679,2.539,2.258,2.224,1.89,1.752,2.239,3.566,2.646,2.097,1.806,4.132,6.339,11.405,10.216,5.066,3.396,2.663,2.236,3.594,3.424,2.858,2.326,1.975,1.692,1.443,1.265,1.157,1.041,0.959,0.897,0.872,0.928,3.764,2.64,2.074,1.74,1.681,15.169,7.132,4.075,3.028,2.304,1.879,1.61,2.403,1.924,1.67,2.114
2019,3.792,2.558,2.272,1.91,4.16,2.827,2.27,2.134,2.122,1.639,1.279,1.282,1.129,1.047,0.979,0.914,0.809,0.767,0.722,1.019,0.903,0.824,0.804,17.404,7.726,3.792,2.19,1.588,1.293,1.174,0.976,0.911,0.911,1.039,1.081,1.803,2.066,3.198,7.301,3.792,2.858,2.304,1.927,1.709,1.435,1.5,1.375,1.191,1.109,1.007,0.931,1.174,1.022,0.923,1.401,1.248,1.022,0.974,0.9,0.889,0.86,0.838,0.826,0.767,0.744,0.739,0.716,0.682,0.719,0.877,0.826,0.758,1.333,5.773,4.188,2.589,1.989,1.653,1.472,4.613,7.896,3.962,2.819,2.318,1.922,1.639,1.491,1.76,1.919,1.978,1.644,1.44,1.313,1.172,1.29,1.452,1.285,1.656,1.59,1.438,1.285,1.531,2.275,3.028,8.15,4.5,3.453,2.66,7.584,15.537,4.754,3.141,2.587,2.332,2.1,4.16,3.368,2.887,2.547,2.233,1.859,1.755,1.888,2.338,2.332,2.298,2.046,1.882,1.743,1.698,1.545,4.188,5.207,5.32,3.538,2.516,2.026,1.684,1.537,1.706,1.347,1.186,1.251,1.092,0.99,2.038,1.715,1.48,1.718,1.605,1.84,1.497,1.446,1.268,1.129,1.118,1.2,0.993,0.9,0.824,0.908,1.047,0.815,0.838,0.872,0.744,0.852,0.889,2.139,1.548,2.196,4.104,2.151,1.599,1.353,1.274,1.033,0.914,0.747,0.77,0.688,0.566,0.577,1.107,0.705,0.574,0.792,0.781,2.858,1.517,1.064,0.869,0.767,0.648,0.566,0.501,0.453,0.702,0.741,0.518,0.424,0.422,1.896,1.503,0.959,0.747,0.631,0.56,0.507,0.447,1.039,1.152,0.756,0.611,0.569,0.492,0.413,0.444,0.685,1.007,0.642,0.464,0.388,0.342,0.323,0.306,0.801,1.262,0.923,1.35,1.259,0.923,0.77,0.693,0.628,0.526,0.461,0.419,0.393,0.456,0.433,0.348,0.303,0.271,0.586,0.676,0.385,0.306,0.271,0.25,0.231,0.212,0.2,0.195,0.376,0.317,0.226,0.211,0.193,0.17,0.153,0.143,0.132,0.131,0.121,0.121,0.134,0.12,0.159,0.197,0.145,0.125,0.114,0.127,0.354,0.775,0.481,0.283,0.241,1.109,1.075,0.594,0.456,0.391,0.354,0.328,0.317,0.311,1.378,1.511,0.937,0.787,0.719,0.654,1.276,1.681,1.186,1.047,0.948,4.047,3.113,2.53,2.338,11.801,12.282,4.047,2.595,2.117,1.78,1.537,1.401,1.237,1.041,0.945,0.787,0.945,0.838,0.761,0.739,0.696,0.648,0.665,0.642,0.594,0.555,0.586,0.569,1.358,1.177,1.16,1.118,1.064,0.974,0.928,0.942,0.971,0.857,0.818,0.795,0.741,0.688,0.634,2.097,4.924,3.141,2.23,1.97,3.056,2.858,2.182,2.134,1.865,1.61,1.387,1.438,1.245,1.087,1.002,0.891,0.835,0.872,0.841,0.838,1.33,1.231
