,slp,intp,pvalue,pvalue_d,n,chg,chg_r,init,last
01-01,0.5217812499999999,-976.0891093749997,0.09508686193895355,1.0,42.0,21.915,0.205,56.516,78.431
01-02,0.38590909090909004,-707.8087272727256,0.3740703998108472,0.0,42.0,16.209,0.16,55.905,72.114
01-03,0.22639999999999957,-386.6062999999992,0.4878864279946935,0.0,42.0,9.509,0.096,61.439,70.948
01-04,0.45987500000000026,-846.0815625000005,0.3741265317448432,0.0,42.0,19.315,0.193,64.011,83.326
01-05,0.5306250000000001,-983.4426875000001,0.16203212807062184,0.0,42.0,22.286,0.23,66.664,88.95
01-06,0.5290869565217396,-977.1128695652184,0.31342814735767477,0.0,42.0,22.222,0.224,69.95,92.172
01-07,0.43194736842105247,-786.5612631578945,0.20472725303755768,0.0,42.0,18.141,0.181,68.263,86.404
01-08,0.5120952380952384,-949.3639285714291,0.3186883379868122,0.0,42.0,21.508,0.2,64.073,85.581
01-09,0.5957894736842105,-1112.7485526315788,0.20478044554122032,0.0,42.0,25.023,0.223,66.319,91.342
01-10,0.620423076923077,-1159.4564423076924,0.23741066398049293,0.0,42.0,26.058,0.234,68.361,94.419
01-11,0.613166666666667,-1148.0602500000005,0.21660449054599118,0.0,42.0,25.753,0.235,65.397,91.15
01-12,0.5203548387096772,-966.1619999999998,0.23746577172582084,0.0,42.0,21.855,0.208,63.62,85.475
01-13,0.30186666666666656,-527.3138999999998,0.6884150033685621,0.0,42.0,12.679,0.125,70.08,82.759
01-14,0.08085714285714321,-79.88685714285786,0.7947651193205123,0.0,42.0,3.396,0.033,80.129,83.525
01-15,0.21224999999999974,-340.4843749999995,0.7698075054386946,0.0,42.0,8.915,0.083,79.558,88.473
01-16,0.04952500000000004,-16.955237500000095,0.9395255632073669,0.0,42.0,2.08,0.019,81.055,83.135
01-17,0.3369047619047617,-591.854071428571,0.467573848693988,0.0,42.0,14.15,0.122,74.88,89.03
01-18,0.4905333333333336,-895.0724000000005,0.2981022821473025,0.0,42.0,20.602,0.171,75.693,96.295
01-19,0.7203636363636363,-1354.901090909091,0.16538510374217363,0.0,42.0,30.255,0.25,70.699,100.954
01-20,1.1117857142857142,-2135.144035714285,0.05784412849033571,1.0,42.0,46.695,0.412,65.08,111.775
01-21,1.1424814814814814,-2201.755722222222,0.04856340764759537,2.0,42.0,47.984,0.447,59.215,107.199
01-22,0.8843749999999999,-1682.4173125,0.09297794131552961,1.0,42.0,37.144,0.354,67.761,104.905
01-23,0.8206999999999993,-1554.2501499999987,0.10633975002418805,0.0,42.0,34.47,0.338,69.915,104.385
01-24,0.7113243243243244,-1332.1574864864867,0.20478044554122032,0.0,42.0,29.876,0.285,75.553,105.429
01-25,0.7259565217391305,-1363.9615652173916,0.15251522791361283,0.0,42.0,30.491,0.281,72.706,103.197
01-26,0.8747272727272727,-1658.8816818181817,0.10629866229877805,0.0,42.0,36.738,0.338,72.204,108.942
01-27,0.9169200000000001,-1747.2080400000002,0.0994601047212329,1.0,42.0,38.51,0.346,67.377,105.887
01-28,0.7965925925925924,-1507.4623888888884,0.1135904922785751,0.0,42.0,33.457,0.303,68.994,102.451
01-29,1.010714285714285,-1935.598714285713,0.09512571219316368,1.0,42.0,42.45,0.393,64.605,107.055
01-30,1.1102307692307691,-2125.8089230769233,0.05237888536914581,1.0,42.0,46.629,0.424,71.338,117.967
01-31,1.1319999999999992,-2159.148499999999,0.0654230661046904,1.0,42.0,47.544,0.399,81.079,128.623
02-01,1.0376666666666658,-1977.462499999998,0.11606336487598146,0.0,42.0,43.582,0.325,76.08,119.662
02-02,0.9508800000000002,-1803.6495600000005,0.17204210543419363,0.0,42.0,39.937,0.296,78.142,118.079
02-03,1.1320000000000006,-2165.091500000001,0.08883599551176657,1.0,42.0,47.544,0.381,75.137,122.681
02-04,1.3584000000000003,-2620.4668000000006,0.08883599551176657,1.0,42.0,57.053,0.46,67.807,124.86
02-05,1.3341428571428569,-2574.794642857142,0.042691994630707164,2.0,42.0,56.034,0.426,65.474,121.508
02-06,1.5782692307692305,-3059.246326923076,0.02556448151213986,2.0,42.0,66.288,0.523,64.148,130.436
02-07,1.540777777777778,-2985.697166666667,0.03188869217908574,2.0,42.0,64.713,0.474,63.502,128.215
02-08,1.3341428571428569,-2572.389142857142,0.03456526040354779,2.0,42.0,56.034,0.367,67.88,123.914
02-09,1.4685405405405403,-2839.2778108108105,0.014288737163388188,2.0,42.0,61.679,0.396,66.964,128.643
02-10,1.4527333333333334,-2809.7938,0.01661113379134549,2.0,42.0,61.015,0.384,65.165,126.18
02-11,1.2027500000000018,-2311.7916250000035,0.017115104092117805,2.0,42.0,50.515,0.342,68.451,118.966
02-12,1.1320000000000003,-2174.1475000000005,0.012660277083487381,2.0,42.0,47.544,0.348,66.081,113.625
02-13,1.1993809523809529,-2300.810214285715,0.016132660964059964,2.0,42.0,50.374,0.378,72.765,123.139
02-14,0.7861111111111099,-1454.6671666666641,0.22068943637408944,0.0,42.0,33.016,0.24,101.047,134.063
02-15,0.503111111111111,-892.7706666666663,0.5295831828780577,0.0,42.0,21.131,0.143,102.886,124.017
02-16,0.7924000000000007,-1465.5438000000013,0.46115733267686343,0.0,42.0,33.281,0.206,102.616,135.897
02-17,0.5660000000000025,-1015.262500000005,0.5730643403857183,0.0,42.0,23.772,0.14,104.851,128.623
02-18,0.2122499999999996,-310.2033749999992,0.8879403403716348,0.0,42.0,8.915,0.052,109.839,118.754
02-19,0.2358333333333336,-358.9147500000005,0.8453178541006234,0.0,42.0,9.905,0.056,107.799,117.704
02-20,-0.11577272727272714,343.69706818181794,0.8793910024825551,-0.0,42.0,-4.863,-0.027,114.583,109.72
02-21,-0.1414999999999986,403.9117499999972,0.8623384168158528,-0.0,42.0,-5.943,-0.033,123.883,117.94
02-22,0.0,126.64250000000001,1.0,0.0,42.0,0.0,0.0,126.643,126.643
02-23,-0.05145454545454568,224.1488636363641,0.9567836850094655,-0.0,42.0,-2.161,-0.012,122.32,120.159
02-24,-0.12970833333333331,389.67331249999995,0.8708567044043205,-0.0,42.0,-5.448,-0.031,132.981,127.533
02-25,0.02358333333333344,89.39262499999977,0.9827053517141371,0.0,42.0,0.991,0.006,136.064,137.055
02-26,-0.27467647058823524,683.0746029411764,0.8793910024825551,-0.0,42.0,-11.537,-0.069,139.49,127.953
02-27,-0.377333333333335,885.7900000000034,0.7780928663095164,-0.0,42.0,-15.848,-0.098,139.047,123.199
02-28,-0.19363157894736852,522.0158421052633,0.8879403403716348,-0.0,42.0,-8.133,-0.051,138.819,130.686
03-01,-0.06288888888888838,258.1903333333323,0.9481546239300995,-0.0,42.0,-2.641,-0.016,133.733,131.092
03-02,-0.3747837837837835,886.0691756756752,0.6964285776954346,-0.0,42.0,-15.741,-0.098,144.372,128.631
03-03,-0.4245000000000019,1001.3247500000036,0.648986688212116,-0.0,42.0,-17.829,-0.108,161.239,143.41
03-04,-0.7277142857142849,1602.6492142857126,0.5439213911923737,-0.0,42.0,-30.564,-0.18,162.503,131.939
03-05,-0.9338999999999998,2018.4550499999996,0.29312610558582675,-0.0,42.0,-39.224,-0.226,170.267,131.043
03-06,-1.29048,2733.1347600000004,0.22068943637408944,-0.0,42.0,-54.2,-0.303,179.275,125.075
03-07,-1.6647058823529401,3488.191411764704,0.08099842022548409,-1.0,42.0,-69.917,-0.375,193.738,123.821
03-08,-1.301800000000003,2763.834600000006,0.12647241055652225,-0.0,42.0,-54.675,-0.286,187.572,132.897
03-09,-0.9904999999999973,2142.5222499999945,0.23741066398049293,-0.0,42.0,-41.601,-0.214,182.323,140.722
03-10,-1.2451999999999999,2654.0589,0.21262750060593483,-0.0,42.0,-52.298,-0.241,189.808,137.51
03-11,-1.324035714285714,2822.161910714285,0.2930694010358994,-0.0,42.0,-55.609,-0.242,201.895,146.286
03-12,-0.8490000000000018,1863.4135000000035,0.4415966439459025,-0.0,42.0,-35.659,-0.154,183.243,147.584
03-13,-0.5145454545454569,1198.633636363641,0.6804707785321866,-0.0,42.0,-21.611,-0.093,180.348,158.737
03-14,-0.08085714285714321,336.14335714285784,0.9567836850094655,-0.0,42.0,-3.396,-0.014,176.127,172.731
03-15,-0.24107407407407355,676.1656111111101,0.7864289921136629,-0.0,42.0,-10.125,-0.04,199.08,188.955
03-16,0.22235714285714284,-225.8441071428571,0.8368514571414307,0.0,42.0,9.339,0.034,214.201,223.54
03-17,0.2921290322580658,-347.38250000000255,0.7864289921136629,0.0,42.0,12.269,0.046,230.741,243.01
03-18,0.404285714285714,-562.7252857142853,0.761522146067281,0.0,42.0,16.98,0.066,237.356,254.336
03-19,0.6530769230769238,-1062.3058076923091,0.6028853015972362,0.0,42.0,27.43,0.104,230.133,257.563
03-20,0.5581388888888894,-875.5902083333343,0.6411903695350452,0.0,42.0,23.441,0.09,228.967,252.408
03-21,0.8772999999999996,-1520.5448499999993,0.5016358122745783,0.0,42.0,36.846,0.137,215.632,252.478
03-22,1.2263333333333308,-2214.899499999995,0.42257215707244233,0.0,42.0,51.506,0.187,212.014,263.52
03-23,2.155153846153846,-4059.6241153846154,0.17197492811100457,0.0,42.0,90.517,0.319,205.425,295.942
03-24,2.5079655172413795,-4766.486051724139,0.14046595237285064,0.0,42.0,105.334,0.368,196.778,302.112
03-25,2.410740740740741,-4571.802111111112,0.15567133709205416,0.0,42.0,101.251,0.359,199.054,300.305
03-26,2.934814814814814,-5617.990222222221,0.09297794131552961,1.0,42.0,123.263,0.428,190.008,313.271
03-27,2.2235714285714283,-4186.94457142857,0.13759428513604566,0.0,42.0,93.39,0.32,213.503,306.893
03-28,2.749142857142857,-5217.024142857143,0.11853536664194553,0.0,42.0,115.464,0.395,223.53,338.994
03-29,3.207333333333334,-6108.838000000001,0.06697503120552706,1.0,42.0,134.708,0.462,238.475,373.183
03-30,3.087272727272726,-5882.926818181816,0.029309638494817714,2.0,42.0,129.665,0.445,226.786,356.451
03-31,4.142090909090908,-8015.94927272727,0.006307680082497491,3.0,42.0,173.967,0.585,181.249,355.216
04-01,4.214678571428571,-8155.711303571428,0.0034236187013498842,3.0,42.0,177.016,0.562,185.138,362.154
04-02,3.622399999999999,-6963.809299999998,0.0063015398529870925,3.0,42.0,152.141,0.477,204.92,357.061
04-03,3.3289736842105264,-6374.839381578948,0.016132660964059964,2.0,42.0,139.816,0.441,213.2,353.016
04-04,3.3353571428571422,-6384.631607142856,0.013057415064223976,2.0,42.0,140.085,0.444,216.04,356.125
04-05,4.386499999999998,-8479.316749999996,0.001607146011207261,3.0,42.0,184.233,0.569,201.567,385.8
04-06,4.58190476190476,-8853.048571428568,0.010520803363832876,2.0,42.0,192.44,0.566,214.541,406.981
04-07,4.244999999999998,-8145.447499999996,0.027011822121709717,2.0,42.0,178.29,0.502,255.408,433.698
04-08,4.750357142857142,-9151.664107142857,0.017102081787313317,2.0,42.0,199.515,0.521,249.293,448.808
04-09,5.255714285714289,-10136.65571428572,0.025547177245034858,2.0,42.0,220.74,0.55,264.403,485.143
04-10,5.402727272727273,-10422.118181818183,0.014303973401970316,2.0,42.0,226.915,0.56,269.879,496.794
04-11,5.145454545454545,-9894.966363636362,0.012656795168993096,2.0,42.0,216.109,0.529,287.888,503.997
04-12,5.402727272727273,-10426.363181818184,0.018136064943574004,2.0,42.0,226.915,0.553,265.634,492.549
04-13,4.9807999999999995,-9592.6246,0.0327535707523301,2.0,42.0,209.193,0.497,264.379,473.572
04-14,3.8407142857142866,-7293.213214285716,0.08099842022548409,1.0,42.0,161.31,0.363,307.56,468.87
04-15,2.2639999999999985,-4163.212999999997,0.2596491005605346,0.0,42.0,95.088,0.209,317.243,412.331
04-16,1.0780952380952376,-1779.2614285714274,0.5582463401874813,0.0,42.0,45.28,0.101,354.289,399.569
04-17,-0.4468421052631584,1305.2257894736852,0.8965158324947944,-0.0,42.0,-18.767,-0.041,420.925,402.158
04-18,-1.5995652173913053,3648.3006521739153,0.5803974552268756,-0.0,42.0,-67.182,-0.144,482.761,415.579
04-19,-0.9988235294117658,2461.267647058826,0.7287136307401898,-0.0,42.0,-41.951,-0.088,484.596,442.645
04-20,0.0,438.65,0.9827033199578561,0.0,42.0,0.0,0.0,438.65,438.65
04-21,1.1496874999999989,-1865.8101562499978,0.6489482249568437,0.0,42.0,48.287,0.092,409.421,457.708
04-22,1.6803124999999994,-2875.8548437499985,0.5511141560067965,0.0,42.0,70.573,0.129,449.484,520.057
04-23,1.4149999999999943,-2315.647499999988,0.6180350977448894,0.0,42.0,59.43,0.103,484.638,544.068
04-24,-0.15722222222222293,873.2908333333347,0.9481485422493836,-0.0,42.0,-6.603,-0.011,562.148,555.545
04-25,-0.5826470588235279,1756.4727941176438,0.8965158324947944,-0.0,42.0,-24.471,-0.041,603.414,578.943
04-26,0.6288888888888885,-692.8783333333326,0.8115316469742646,0.0,42.0,26.413,0.046,551.693,578.106
04-27,1.6326923076923072,-2741.018269230768,0.5153705430406674,0.0,42.0,68.573,0.119,490.08,558.653
04-28,1.664705882352942,-2779.5594117647074,0.5656867559245382,0.0,42.0,69.917,0.12,514.894,584.811
04-29,0.6738095238095173,-788.3571428571298,0.7947100973499412,0.0,42.0,28.3,0.048,545.112,573.412
04-30,-0.24608695652173776,1041.0708695652147,0.8879098101749485,-0.0,42.0,-10.336,-0.017,554.065,543.729
05-01,-0.5660000000000082,1692.0570000000162,0.7286830133180731,-0.0,42.0,-23.772,-0.039,571.943,548.171
05-02,-2.1507999999999994,4865.109599999999,0.410033244096879,-0.0,42.0,-90.333,-0.15,608.676,518.343
05-03,-2.515555555555554,5617.07833333333,0.4878353041450234,-0.0,42.0,-105.653,-0.171,638.794,533.141
05-04,-1.6171428571428481,3822.1171428571247,0.5729741994220157,-0.0,42.0,-67.92,-0.107,621.791,553.871
05-05,0.18866666666666182,215.64600000000974,0.9654188280671494,0.0,42.0,7.924,0.012,589.017,596.941
05-06,1.1529629629629627,-1702.5594444444441,0.6963946904401457,0.0,42.0,48.425,0.072,579.154,627.579
05-07,2.4440909090909084,-4231.814772727271,0.38583524499389465,0.0,42.0,102.652,0.146,605.041,707.693
05-08,2.8299999999999974,-4969.479999999995,0.31863147995104635,0.0,42.0,118.86,0.169,631.09,749.95
05-09,3.1444444444444426,-5589.721666666664,0.35119648862538266,0.0,42.0,132.067,0.187,633.134,765.201
05-10,3.8407142857142844,-6996.063214285712,0.15877850065550625,0.0,42.0,161.31,0.226,604.71,766.02
05-11,4.818648648648647,-8962.76297297297,0.09078047413562151,1.0,42.0,202.383,0.287,573.343,775.726
05-12,5.336571428571427,-10012.499571428569,0.129117530142979,0.0,42.0,224.136,0.316,548.575,772.711
05-13,6.367499999999993,-12066.766249999984,0.11354808483069512,0.0,42.0,267.435,0.364,534.516,801.951
05-14,5.9295238095238085,-11182.542857142857,0.09508686193895355,1.0,42.0,249.04,0.325,551.985,801.025
05-15,6.603333333333334,-12476.055000000004,0.0654230661046904,1.0,42.0,277.34,0.343,591.942,869.282
05-16,7.740882352941175,-14768.979264705878,0.07369789814275896,1.0,42.0,325.117,0.383,550.227,875.344
05-17,9.816562500000002,-18889.586718750004,0.024866435836113476,2.0,42.0,412.296,0.468,537.39,949.686
05-18,9.360769230769234,-17913.138076923085,0.04495932953183668,2.0,42.0,393.153,0.434,611.824,1004.977
05-19,10.258749999999997,-19717.140624999996,0.037454161891628646,2.0,42.0,430.867,0.47,584.926,1015.793
05-20,8.49,-16191.845,0.08680297027446993,1.0,42.0,356.58,0.391,609.865,966.445
05-21,3.995294117647058,-7173.550588235293,0.3347530676955732,0.0,42.0,167.803,0.186,733.136,900.939
05-22,2.943199999999997,-4968.008399999994,0.5511141560067965,0.0,42.0,123.615,0.135,856.584,980.199
05-23,1.257777777777777,-1589.5166666666653,0.6963946904401457,0.0,42.0,52.826,0.058,899.626,952.452
05-24,0.15722222222221818,572.8391666666747,0.948142458427947,0.0,42.0,6.603,0.007,883.982,890.585
05-25,-1.1319999999999937,3108.188999999987,0.8793910024825551,-0.0,42.0,-47.544,-0.052,867.961,820.417
05-26,-4.811000000000002,10525.194500000003,0.34572783703860854,-0.0,42.0,-202.062,-0.217,1004.226,802.164
05-27,-2.0214285714285682,4909.241428571422,0.5804419272130377,-0.0,42.0,-84.9,-0.092,908.834,823.934
05-28,-0.5390476190476269,1936.7307142857298,0.8965158324947944,-0.0,42.0,-22.64,-0.025,869.955,847.315
05-29,-0.6738095238095227,2227.4121428571407,0.9740620898012227,-0.0,42.0,-28.3,-0.031,893.943,865.643
05-30,-0.8490000000000085,2516.860500000017,0.9136890111440774,-0.0,42.0,-35.659,-0.039,836.69,801.031
05-31,1.1319999999999975,-1454.053999999995,0.8283850612764243,0.0,42.0,47.544,0.053,786.174,833.718
06-01,2.70695652173913,-4637.139565217391,0.5438740772051169,0.0,42.0,113.693,0.131,719.927,833.62
06-02,2.8299999999999903,-4854.864999999981,0.5953317066313393,0.0,42.0,118.86,0.14,745.705,864.565
06-03,4.447142857142857,-8068.5321428571415,0.3239485308487149,0.0,42.0,186.78,0.221,732.364,919.144
06-04,3.2124324324324327,-5584.1636486486495,0.44802822680621324,0.0,42.0,134.922,0.163,773.24,908.162
06-05,3.006875000000001,-5183.056562500002,0.461104687761837,0.0,42.0,126.289,0.152,767.549,893.838
06-06,2.5941666666666663,-4355.016249999999,0.34567117354970334,0.0,42.0,108.955,0.133,778.84,887.795
06-07,1.2577777777777834,-1722.5266666666782,0.7287136307401898,0.0,42.0,52.826,0.066,766.616,819.442
06-08,-0.7861111111111099,2321.7791666666644,0.8879403403716348,-0.0,42.0,-33.016,-0.043,766.065,733.049
06-09,-0.7718181818181826,2242.260454545456,0.8538201301581014,-0.0,42.0,-32.416,-0.045,714.832,682.416
06-10,-1.3061538461538476,3305.004615384618,0.6334724060856933,-0.0,42.0,-54.858,-0.079,720.126,665.268
06-11,-3.258787878787878,7162.601363636362,0.38589106016506536,-0.0,42.0,-136.869,-0.203,713.46,576.591
06-12,-4.716666666666659,10053.574999999984,0.1934342049120681,-0.0,42.0,-198.1,-0.302,719.292,521.192
06-13,-3.9373913043478237,8498.243913043474,0.2330888984395405,-0.0,42.0,-165.371,-0.253,706.147,540.776
06-14,-1.9326829268292685,4503.979512195122,0.461104687761837,-0.0,42.0,-81.173,-0.124,679.2,598.027
06-15,-3.183749999999994,6938.983124999988,0.3740516859269605,-0.0,42.0,-133.718,-0.209,638.342,504.624
06-16,-3.395999999999999,7333.661999999998,0.4544427689594832,-0.0,42.0,-142.632,-0.224,612.978,470.346
06-17,-3.3299666666666665,7194.553349999999,0.44802822680621324,-0.0,42.0,-139.858,-0.222,604.549,464.691
06-18,-2.5727272727272736,5654.983181818184,0.4224449812782174,-0.0,42.0,-108.055,-0.181,563.556,455.501
06-19,-2.9964705882352938,6517.82294117647,0.46115733267686343,-0.0,42.0,-125.852,-0.219,587.808,461.956
06-20,-1.6508333333333383,3825.8062500000096,0.43511111028677174,-0.0,42.0,-69.335,-0.125,558.807,489.472
06-21,-1.5632380952380953,3609.6245714285715,0.6103829596849133,-0.0,42.0,-65.656,-0.123,515.976,450.32
06-22,-1.0107142857142841,2477.968214285711,0.7287136307401898,-0.0,42.0,-42.45,-0.082,477.765,435.315
06-23,-1.1915789473684204,2821.2121052631564,0.6804353182248677,-0.0,42.0,-50.046,-0.1,463.077,413.031
06-24,-1.5281999999999953,3463.1558999999907,0.6489482249568437,-0.0,42.0,-64.184,-0.137,438.848,374.664
06-25,-1.3061538461538476,3003.6096153846183,0.6645807966661972,-0.0,42.0,-54.858,-0.122,418.731,363.873
06-26,-0.750565217391304,1867.2401521739123,0.8199583535254096,-0.0,42.0,-31.524,-0.073,381.872,350.348
06-27,-1.0612500000000011,2482.794375000002,0.7532630687843651,-0.0,42.0,-44.573,-0.107,382.581,338.008
06-28,-0.7861111111111114,1908.5991666666673,0.6489482249568437,-0.0,42.0,-33.016,-0.083,352.885,319.869
06-29,-0.36385714285714293,1047.322357142857,0.8453178541006234,-0.0,42.0,-15.282,-0.04,327.249,311.967
06-30,-0.5660000000000006,1430.282000000001,0.8199583535254096,-0.0,42.0,-23.772,-0.063,310.168,286.396
07-01,-0.849,1981.7075,0.8115533673850392,-0.0,42.0,-35.657,-0.101,301.536,265.879
07-02,-1.0691111111111096,2403.4246666666636,0.7368868532355126,-0.0,42.0,-44.903,-0.135,287.654,242.751
07-03,-1.1909583333333333,2649.6051875000003,0.5804419272130377,-0.0,42.0,-50.021,-0.157,292.699,242.678
07-04,-1.1791666666666671,2607.915750000001,0.5510673757159255,-0.0,42.0,-49.525,-0.162,274.345,224.82
07-05,-1.3947857142857143,3022.9150357142853,0.4415966439459025,-0.0,42.0,-58.581,-0.207,262.634,204.053
07-06,-1.4998999999999996,3222.478549999999,0.3683565059083749,-0.0,42.0,-62.995,-0.239,254.176,191.181
07-07,-1.431647058823529,3079.356294117646,0.26423049942895993,-0.0,42.0,-60.129,-0.239,246.127,185.998
07-08,-1.0795925925925927,2360.707388888889,0.38000879473352867,-0.0,42.0,-45.343,-0.191,224.194,178.851
07-09,-0.8804444444444451,1949.917166666668,0.5016358122745783,-0.0,42.0,-36.979,-0.167,207.518,170.539
07-10,-0.8631499999999995,1903.733924999999,0.4101432374855567,-0.0,42.0,-36.252,-0.172,195.56,159.308
07-11,-0.7546666666666663,1678.0484999999992,0.4677482118677392,-0.0,42.0,-31.696,-0.156,184.563,152.867
07-12,-0.5862142857142858,1338.2564642857144,0.5953317066313393,-0.0,42.0,-24.621,-0.129,178.138,153.517
07-13,-0.7332272727272727,1617.6344318181818,0.5154857062076617,-0.0,42.0,-30.796,-0.171,166.578,135.782
07-14,-0.8070740740740739,1755.9521111111108,0.4288413621572058,-0.0,42.0,-33.898,-0.195,158.753,124.855
07-15,-0.8043157894736848,1741.9469210526327,0.38000879473352867,-0.0,42.0,-33.781,-0.203,150.206,116.425
07-16,-0.6481612903225807,1422.075,0.4100882482904753,-0.0,42.0,-27.223,-0.176,139.364,112.141
07-17,-0.6721250000000003,1468.0094375000006,0.3401837295103265,-0.0,42.0,-28.229,-0.192,137.874,109.645
07-18,-0.7022592592592597,1526.7063888888897,0.3240053719561047,-0.0,42.0,-29.495,-0.211,136.935,107.44
07-19,-0.6689090909090912,1451.391227272728,0.2596491005605346,-0.0,42.0,-28.094,-0.209,127.62,99.526
07-20,-0.707499999999996,1525.5822499999922,0.19338188403333012,-0.0,42.0,-29.715,-0.23,125.44,95.725
07-21,-0.7883571428571423,1681.454607142856,0.20091038034464437,-0.0,42.0,-33.111,-0.269,121.296,88.185
07-22,-0.6721250000000012,1444.6619375000023,0.20865051218734942,-0.0,42.0,-28.23,-0.244,114.527,86.297
07-23,-0.6553684210526315,1405.4971578947366,0.172092480590194,-0.0,42.0,-27.525,-0.249,108.523,80.998
07-24,-0.5957894736842105,1282.2655526315789,0.16208143972650224,-0.0,42.0,-25.023,-0.235,103.198,78.175
07-25,-0.6367499999999998,1363.3171249999996,0.14945549485340415,-0.0,42.0,-26.744,-0.261,103.189,76.445
07-26,-0.6721249999999994,1430.511937499999,0.11606336487598146,-0.0,42.0,-28.23,-0.283,100.377,72.147
07-27,-0.6288888888888885,1341.9388333333327,0.11852093976374012,-0.0,42.0,-26.414,-0.278,97.368,70.954
07-28,-0.5660000000000006,1213.6455000000012,0.15256341552303954,-0.0,42.0,-23.773,-0.26,93.532,69.759
07-29,-0.43913793103448273,958.0037931034482,0.20068101663879356,-0.0,42.0,-18.444,-0.211,88.95,70.506
07-30,-0.4810999999999993,1038.6524499999987,0.1824550941213401,-0.0,42.0,-20.207,-0.241,86.556,66.349
07-31,-0.474216216216216,1020.5018243243239,0.14338383672685673,-0.0,42.0,-19.917,-0.246,82.028,62.111
08-01,-0.48881818181818204,1050.264454545455,0.1238264440291208,-0.0,42.0,-20.53,-0.261,82.893,62.363
08-02,-0.5424166666666667,1158.2836249999998,0.07726076491057032,-1.0,42.0,-22.781,-0.295,84.841,62.06
08-03,-0.5493529411764705,1168.8982058823526,0.11354808483069512,-0.0,42.0,-23.073,-0.307,81.729,58.656
08-04,-0.4716666666666664,1008.8949999999995,0.10868715573494736,-0.0,42.0,-19.81,-0.276,75.467,55.657
08-05,-0.43939473684210517,941.2542763157892,0.1160205205549778,-0.0,42.0,-18.454,-0.268,71.692,53.238
08-06,-0.39620000000000083,854.7449000000017,0.1237381751789739,-0.0,42.0,-16.64,-0.249,70.665,54.025
08-07,-0.34126470588235297,743.3452794117649,0.1719917235612729,-0.0,42.0,-14.333,-0.22,67.982,53.649
08-08,-0.2452666666666668,548.4257000000002,0.2782923284784724,-0.0,42.0,-10.301,-0.161,63.043,52.742
08-09,-0.23059259259259257,515.5473888888888,0.3347530676955732,-0.0,42.0,-9.685,-0.155,59.205,49.52
08-10,-0.2537241379310346,563.0724137931037,0.2981022821473025,-0.0,42.0,-10.656,-0.176,60.952,50.296
08-11,-0.11529629629629629,287.2764444444444,0.5583080052666602,-0.0,42.0,-4.842,-0.082,59.105,54.263
08-12,-0.19203571428571412,440.85841071428536,0.39782336068880575,-0.0,42.0,-8.066,-0.137,60.82,52.754
08-13,-0.19810000000000016,450.86145000000033,0.2930694010358994,-0.0,42.0,-8.321,-0.144,58.822,50.501
08-14,-0.17294444444444443,400.56291666666664,0.36811260287806524,-0.0,42.0,-7.264,-0.128,58.306,51.042
08-15,-0.21225000000000036,477.7393750000007,0.1896529188296503,-0.0,42.0,-8.915,-0.159,57.697,48.782
08-16,-0.2830000000000001,616.2325000000002,0.09495735405543537,-1.0,42.0,-11.887,-0.216,56.176,44.289
08-17,-0.28300000000000036,614.9590000000007,0.11597767356716582,-0.0,42.0,-11.886,-0.221,54.902,43.016
08-18,-0.2695238095238097,586.4568571428575,0.09290114112126302,-1.0,42.0,-11.32,-0.212,53.069,41.749
08-19,-0.33606250000000015,720.2084687500003,0.05927489922564555,-1.0,42.0,-14.115,-0.27,55.141,41.026
08-20,-0.30125806451612896,649.3435,0.056374714036489415,-1.0,42.0,-12.653,-0.251,53.154,40.501
08-21,-0.30321428571428605,652.405964285715,0.08092705537116585,-1.0,42.0,-12.735,-0.254,52.345,39.61
08-22,-0.28300000000000125,614.8175000000025,0.10854871020951573,-0.0,42.0,-11.885,-0.228,54.76,42.875
08-23,-0.3537500000000004,757.2726250000007,0.068622776391571,-1.0,42.0,-14.857,-0.286,57.201,42.344
08-24,-0.2830000000000001,614.6760000000002,0.16191704399847007,-0.0,42.0,-11.886,-0.229,54.619,42.733
08-25,-0.37733333333333263,803.0124999999986,0.062286614260637085,-1.0,42.0,-15.848,-0.312,56.27,40.422
08-26,-0.2721153846153847,589.6577115384617,0.0828489532501524,-1.0,42.0,-11.428,-0.225,51.141,39.713
08-27,-0.21769230769230757,479.70676923076894,0.1753947445678592,-0.0,42.0,-9.143,-0.186,48.894,39.751
08-28,-0.17415384615384638,392.22711538461584,0.3681689123448364,-0.0,42.0,-7.315,-0.154,47.577,40.262
08-29,-0.19810000000000016,440.1074500000003,0.28323046329534973,-0.0,42.0,-8.321,-0.182,48.068,39.747
08-30,-0.1988648648648648,441.63679729729716,0.2046208419347446,-0.0,42.0,-8.352,-0.188,48.083,39.731
08-31,-0.22857692307692298,502.74405769230754,0.12896756918373198,-0.0,42.0,-9.6,-0.216,50.39,40.79
09-01,-0.39184615384615396,828.9178846153848,0.030964582299294774,-2.0,42.0,-16.457,-0.359,53.454,36.997
09-02,-0.3925483870967741,829.8974999999998,0.03731249673955417,-2.0,42.0,-16.487,-0.356,53.044,36.557
09-03,-0.35919230769230764,762.070019230769,0.027011822121709717,-2.0,42.0,-15.086,-0.332,51.228,36.142
09-04,-0.34588888888888886,733.9133333333332,0.019671706335270045,-2.0,42.0,-14.527,-0.332,49.399,34.872
09-05,-0.32342857142857134,689.0039285714283,0.02550681633135987,-2.0,42.0,-13.584,-0.32,48.939,35.355
09-06,-0.20340625,449.44379687500003,0.09293954161833762,-1.0,42.0,-8.543,-0.198,46.903,38.36
09-07,-0.1886666666666669,419.40600000000046,0.19315506728367016,-0.0,42.0,-7.924,-0.178,46.035,38.111
09-08,-0.15722222222222212,355.54233333333315,0.18576955431151276,-0.0,42.0,-6.604,-0.152,44.4,37.796
09-09,-0.19592307692307698,433.7736923076924,0.14935987879388213,-0.0,42.0,-8.229,-0.187,46.042,37.813
09-10,-0.2503461538461539,542.3096346153847,0.17204210543419363,-0.0,42.0,-10.515,-0.23,46.875,36.36
09-11,-0.2572727272727271,554.8858181818179,0.10159222763577769,-0.0,42.0,-10.805,-0.237,45.743,34.938
09-12,-0.3207333333333333,679.6528,0.06376626499351445,-1.0,42.0,-13.471,-0.292,44.922,31.451
09-13,-0.3153428571428571,668.5915428571427,0.05099828155856789,-1.0,42.0,-13.244,-0.28,44.528,31.284
09-14,-0.3700769230769231,778.0323076923077,0.05232350272244979,-1.0,42.0,-15.543,-0.346,45.65,30.107
09-15,-0.37769615384615396,792.5594596153849,0.03454403310979126,-2.0,42.0,-15.863,-0.356,45.099,29.236
09-16,-0.3087272727272728,654.090181818182,0.07366402630165281,-1.0,42.0,-12.967,-0.29,43.119,30.152
09-17,-0.22134642857142847,479.23068392857124,0.15235456358505095,-0.0,42.0,-9.296,-0.205,41.186,31.89
09-18,-0.23154545454545492,502.31213636363714,0.1317458241598286,-0.0,42.0,-9.725,-0.208,44.084,34.359
09-19,-0.1061250000000001,253.65643750000018,0.6487814049160601,-0.0,42.0,-4.457,-0.092,43.635,39.178
09-20,0.0,42.308499999999995,1.0,0.0,42.0,0.0,0.0,42.308,42.308
09-21,-0.07546666666666645,193.77009999999956,0.680399846124982,-0.0,42.0,-3.17,-0.061,44.422,41.252
09-22,-0.10290909090909071,244.82072727272688,0.5877622031577681,-0.0,42.0,-4.323,-0.084,41.164,36.841
09-23,-0.1010714285714285,241.2878214285713,0.6724540731151736,-0.0,42.0,-4.245,-0.088,41.267,37.022
09-24,-0.08489999999999967,210.22654999999935,0.7205701755261635,-0.0,42.0,-3.565,-0.077,42.209,38.644
09-25,-0.061189189189189266,164.37328378378393,0.7697812248971272,-0.0,42.0,-2.57,-0.054,43.28,40.71
09-26,-0.11319999999999979,267.3783999999996,0.6804353182248677,-0.0,42.0,-4.755,-0.099,43.356,38.601
09-27,-0.1286363636363629,297.39440909090763,0.5729140738727763,-0.0,42.0,-5.403,-0.116,42.823,37.42
09-28,-0.32342857142857184,685.4664285714293,0.17883113130382333,-0.0,42.0,-13.584,-0.288,45.401,31.817
09-29,-0.40785294117647053,854.2729558823528,0.1016458284202364,-0.0,42.0,-17.13,-0.356,47.132,30.002
09-30,-0.30321428571428605,645.3309642857149,0.14332113549075043,-0.0,42.0,-12.735,-0.271,45.27,32.535
10-01,-0.24970588235294122,540.604911764706,0.38583524499389465,-0.0,42.0,-10.488,-0.21,46.437,35.949
10-02,-0.16508333333333347,373.52462500000024,0.5295831828780577,-0.0,42.0,-6.934,-0.129,46.825,39.891
10-03,-0.1596410256410256,360.5202307692307,0.6567452718374478,-0.0,42.0,-6.705,-0.133,44.591,37.886
10-04,-0.20317948717948717,448.70738461538457,0.3740703998108472,-0.0,42.0,-8.533,-0.168,46.615,38.082
10-05,-0.18009090909090902,404.5227727272726,0.36251129208089417,-0.0,42.0,-7.564,-0.152,48.123,40.559
10-06,-0.11117857142857167,267.15705357142906,0.4743398161712249,-0.0,42.0,-4.67,-0.097,47.135,42.465
10-07,-0.10449230769230766,253.50486923076917,0.625713854482445,-0.0,42.0,-4.389,-0.091,46.715,42.326
10-08,-0.04087777777777804,127.15661666666719,0.8453178541006234,-0.0,42.0,-1.716,-0.035,46.259,44.543
10-09,0.04244999999999995,-40.4477749999999,0.8708567044043205,0.0,42.0,1.783,0.036,43.561,45.344
10-10,0.07075000000000006,-95.76012500000013,0.7615493074182684,0.0,42.0,2.972,0.061,44.254,47.226
10-11,-0.043538461538461734,133.32565384615424,0.8538201301581014,-0.0,42.0,-1.829,-0.038,47.163,45.334
10-12,0.038243243243243415,-28.781864864865206,0.8879534171072156,0.0,42.0,1.606,0.031,46.902,48.508
10-13,0.09433333333333349,-141.21700000000033,0.7947415438926881,0.0,42.0,3.962,0.075,45.469,49.431
10-14,-0.028299999999999888,106.67684999999977,0.9222745591920756,-0.0,42.0,-1.188,-0.021,50.671,49.483
10-15,0.017687500000000078,14.583343749999841,0.9827053517141371,0.0,42.0,0.743,0.013,49.587,50.33
10-16,0.05145454545454568,-51.51886363636409,0.8965158324947944,0.0,42.0,2.161,0.039,50.31,52.471
10-17,-0.07075000000000006,193.96112500000012,0.8283850612764243,-0.0,42.0,-2.972,-0.049,53.947,50.975
10-18,-0.04287878787878785,135.68563636363632,0.8537861637659854,-0.0,42.0,-1.801,-0.029,50.829,49.028
10-19,-0.11319999999999979,274.8778999999996,0.664617795097387,-0.0,42.0,-4.754,-0.077,50.855,46.101
10-20,-0.060030303030302865,170.68759090909057,0.8793910024825551,-0.0,42.0,-2.522,-0.04,51.888,49.366
10-21,0.2358333333333332,-416.50524999999976,0.4161751657637005,0.0,42.0,9.905,0.157,50.209,60.114
10-22,0.3195161290322581,-585.9515000000001,0.3683002447381547,0.0,42.0,13.42,0.205,46.371,59.791
10-23,0.36385714285714293,-672.7718571428572,0.37989683296577414,0.0,42.0,15.282,0.224,47.301,62.583
10-24,0.2627857142857142,-474.21703571428543,0.3683002447381547,0.0,42.0,11.037,0.167,45.836,56.873
10-25,0.283,-512.7959999999999,0.4161934263155138,0.0,42.0,11.886,0.185,47.261,59.147
10-26,0.309952380952381,-564.4232857142857,0.3740703998108472,0.0,42.0,13.018,0.201,48.972,61.99
10-27,0.16508333333333317,-276.8801249999997,0.5878207133788294,0.0,42.0,6.933,0.103,49.82,56.753
10-28,0.2176923076923081,-375.13826923077005,0.5438740772051169,0.0,42.0,9.143,0.133,55.675,64.818
10-29,0.31038709677419357,-562.038,0.44802822680621324,0.0,42.0,13.036,0.181,52.218,65.254
10-30,0.40635897435897433,-751.3867692307691,0.30307835019713103,0.0,42.0,17.067,0.225,52.798,69.865
10-31,0.4559444444444441,-846.146416666666,0.19702333296575758,0.0,42.0,19.149,0.251,56.168,75.317
11-01,0.8490000000000002,-1630.0800000000006,0.07373177077452997,1.0,42.0,35.658,0.429,50.091,85.749
11-02,1.2304347826086954,-2391.6268478260863,0.02629714312228204,2.0,42.0,51.678,0.605,43.404,95.082
11-03,1.0419545454545451,-2012.921113636363,0.04153518839351089,2.0,42.0,43.762,0.53,49.107,92.869
11-04,0.8489999999999999,-1625.4104999999997,0.068622776391571,1.0,42.0,35.657,0.445,54.761,90.418
11-05,0.5659999999999993,-1059.4104999999986,0.20870397233082194,0.0,42.0,23.772,0.278,60.704,84.476
11-06,0.2829999999999998,-492.5614999999997,0.5295831828780577,0.0,42.0,11.885,0.141,67.496,79.381
11-07,0.0,80.5135,1.0,0.0,42.0,0.0,0.0,80.514,80.514
11-08,0.10258750000000005,-122.9122062500001,0.8965158324947944,0.0,42.0,4.309,0.039,80.108,84.417
11-09,0.38407142857142823,-693.8048214285708,0.5015855624615093,0.0,42.0,16.131,0.163,66.273,82.404
11-10,0.2931071428571426,-505.69573214285674,0.5952884599231139,0.0,42.0,12.311,0.133,74.363,86.674
11-11,0.41705263157894773,-758.477236842106,0.448081548716583,0.0,42.0,17.516,0.2,66.87,84.386
11-12,0.5093999999999994,-945.3897999999988,0.3740703998108472,0.0,42.0,21.395,0.231,62.713,84.108
11-13,0.1768749999999999,-283.1945624999998,0.6489097490802731,0.0,42.0,7.429,0.073,66.841,74.27
11-14,0.1543636363636364,-234.78709090909098,0.761522146067281,0.0,42.0,6.483,0.065,70.699,77.182
11-15,0.2337826086956526,-389.1988260869574,0.6028427021854532,0.0,42.0,9.819,0.104,73.457,83.276
11-16,0.3930555555555557,-711.4855833333336,0.3512719469085064,0.0,42.0,16.509,0.185,66.371,82.88
11-17,0.45779411764705874,-842.4868382352939,0.39793422470267026,0.0,42.0,19.227,0.213,63.488,82.715
11-18,0.37429032258064543,-669.8610000000006,0.4415966439459025,0.0,42.0,15.72,0.169,70.86,86.58
11-19,0.40428571428571425,-724.1767857142856,0.45456645601783063,0.0,42.0,16.98,0.179,75.905,92.885
11-20,0.5112258064516133,-935.8810000000008,0.27367411831234234,0.0,42.0,21.471,0.234,75.835,97.306
11-21,0.6831034482758621,-1278.9843448275863,0.22891355939065017,0.0,42.0,28.691,0.308,72.877,101.568
11-22,0.5255714285714289,-964.140571428572,0.461104687761837,0.0,42.0,22.074,0.232,75.965,98.039
11-23,0.37143749999999986,-665.7132812499998,0.46769592064461185,0.0,42.0,15.6,0.164,69.362,84.962
11-24,0.6468571428571429,-1215.9903571428572,0.12920748707657004,0.0,42.0,27.168,0.278,64.14,91.308
11-25,0.7074999999999999,-1335.8307499999999,0.16868876880367134,0.0,42.0,29.715,0.291,64.312,94.027
11-26,0.7389444444444445,-1396.8644166666668,0.20870397233082194,0.0,42.0,31.035,0.264,65.507,96.542
11-27,0.6839166666666662,-1289.666374999999,0.23746577172582084,0.0,42.0,28.724,0.263,63.805,92.529
11-28,0.696615384615385,-1314.0669615384625,0.14343085711908943,0.0,42.0,29.258,0.281,64.535,93.793
11-29,0.4716666666666664,-860.8859999999995,0.4415966439459025,0.0,42.0,19.81,0.175,72.542,92.352
11-30,0.4980799999999999,-923.3214599999998,0.32932240818128555,0.0,42.0,20.919,0.164,62.379,83.298
12-01,0.6577837837837838,-1240.8096756756756,0.0791469808907781,1.0,42.0,27.627,0.211,60.944,88.571
12-02,1.014083333333333,-1952.8061249999994,0.03454403310979126,2.0,42.0,42.591,0.333,54.065,96.656
12-03,0.613166666666667,-1149.4752500000004,0.15882744720626185,0.0,42.0,25.753,0.214,63.982,89.735
12-04,0.45482142857142854,-831.3074464285714,0.2783488144582571,0.0,42.0,19.103,0.177,68.784,87.887
12-05,0.2515555555555555,-429.9713333333332,0.6489482249568437,0.0,42.0,10.565,0.104,67.857,78.422
12-06,-0.07277142857142849,217.67147142857124,0.8879534171072156,-0.0,42.0,-3.057,-0.031,73.657,70.6
12-07,-0.28300000000000014,644.9570000000002,0.6488969209821593,-0.0,42.0,-11.886,-0.121,84.9,73.014
12-08,-0.1792333333333332,436.6265499999997,0.7698075054386946,-0.0,42.0,-7.528,-0.079,81.924,74.396
12-09,0.3025172413793102,-525.2187241379307,0.5225344433037287,0.0,42.0,12.706,0.136,73.463,86.169
12-10,0.24608695652173898,-413.37686956521713,0.49468529961579577,0.0,42.0,10.336,0.11,73.629,83.965
12-11,0.07861111111111146,-74.26391666666738,0.8452999088283983,0.0,42.0,3.302,0.034,81.307,84.609
12-12,0.20214285714285804,-323.10514285714464,0.6334724060856933,0.0,42.0,8.49,0.088,76.936,85.426
12-13,0.5464827586206896,-1013.7352758620689,0.3512719469085064,0.0,42.0,22.952,0.233,67.754,90.706
12-14,0.5502777777777779,-1020.8989166666668,0.1934342049120681,0.0,42.0,23.111,0.229,68.101,91.212
12-15,0.31444444444444425,-547.9351666666663,0.45456645601783063,0.0,42.0,13.207,0.134,74.35,87.557
12-16,0.1814102564102565,-287.7348076923078,0.5953317066313393,0.0,42.0,7.619,0.08,71.276,78.895
12-17,0.2829999999999984,-490.4389999999968,0.5154857062076617,0.0,42.0,11.886,0.13,69.618,81.504
12-18,0.22857692307692298,-380.3465576923075,0.6567452718374478,0.0,42.0,9.6,0.109,72.007,81.607
12-19,0.4116363636363635,-746.3739090909088,0.33469628779286875,0.0,42.0,17.289,0.199,68.254,85.543
12-20,0.7411904761904761,-1409.137857142857,0.09508686193895355,1.0,42.0,31.13,0.358,57.678,88.808
12-21,1.0575263157894739,-2038.6798684210532,0.025581789815397826,2.0,42.0,44.416,0.503,54.165,98.581
12-22,0.9621999999999995,-1850.904899999999,0.033610763326536786,2.0,42.0,40.412,0.451,53.289,93.701
12-23,0.8961666666666667,-1713.35275,0.07027052137646583,1.0,42.0,37.639,0.425,60.161,97.8
12-24,0.6440689655172418,-1212.537896551725,0.12367932200960441,0.0,42.0,27.05,0.318,62.075,89.125
12-25,0.5464827586206901,-1013.1692758620698,0.15251522791361283,0.0,42.0,22.952,0.275,68.32,91.272
12-26,0.6013749999999997,-1127.3128124999994,0.062286614260637085,1.0,42.0,25.258,0.272,62.808,88.066
12-27,0.6095384615384615,-1147.7391538461538,0.08883599551176657,1.0,42.0,25.601,0.264,58.537,84.138
12-28,0.5031111111111117,-934.6546666666678,0.19338188403333012,0.0,42.0,21.131,0.226,61.002,82.133
12-29,0.7357999999999997,-1401.1895999999995,0.042691994630707164,2.0,42.0,30.903,0.324,54.959,85.862
12-30,0.7570249999999998,-1440.9404874999996,0.029354027270424465,2.0,42.0,31.795,0.312,57.212,89.007
12-31,0.6325882352941176,-1194.1101764705882,0.05641335741028364,1.0,42.0,26.569,0.251,57.782,84.351
