,slp,intp,pvalue,pvalue_d,n,chg,chg_r,init,last
01-01,0.0025267857142857253,-3.214071428571451,0.9249468988846141,0.0,43.0,0.107,0.023,1.786,1.893
01-02,0.013017999999999997,-24.063489999999994,0.5438105094192973,0.0,43.0,0.547,0.097,1.699,2.246
01-03,0.004494705882352934,-7.223491764705867,0.8505483266154852,0.0,43.0,0.188,0.043,1.672,1.86
01-04,0.012992272727272719,-24.116745454545438,0.5299627861644958,0.0,43.0,0.546,0.168,1.595,2.141
01-05,0.019607857142857146,-37.40451428571429,0.1735603107363599,0.0,43.0,0.824,0.277,1.399,2.223
01-06,0.016036666666666668,-30.318733333333338,0.2410944936951409,0.0,43.0,0.673,0.227,1.418,2.091
01-07,-0.014149999999999996,30.25269999999999,0.4962739352680188,-0.0,43.0,-0.594,-0.124,2.25,1.656
01-08,-0.01814529411764706,38.37063823529412,0.40240971153675,-0.0,43.0,-0.762,-0.175,2.461,1.699
01-09,-0.009020625000000004,20.022250000000007,0.6526832370013438,-0.0,43.0,-0.378,-0.125,2.17,1.792
01-10,-0.007324705882352939,16.81719176470588,0.6754626761775353,-0.0,43.0,-0.308,-0.123,2.322,2.014
01-11,0.004527999999999999,-7.026889999999998,0.7297439924249862,0.0,43.0,0.19,0.048,1.934,2.124
01-12,0.013521111111111107,-24.976322222222215,0.4702000697036357,0.0,43.0,0.568,0.159,1.782,2.35
01-13,-0.001415000000000004,4.839300000000008,0.9415827594105028,-0.0,43.0,-0.059,-0.017,2.039,1.98
01-14,0.0,1.7829,0.9916485828791297,0.0,43.0,0.0,0.0,1.783,1.783
01-15,0.001886666666666666,-1.9904333333333324,0.933269088464004,0.0,43.0,0.08,0.034,1.743,1.823
01-16,-0.0028299999999999905,7.539119999999981,0.8670041288561943,-0.0,43.0,-0.119,-0.051,1.939,1.82
01-17,-0.011652941176470599,25.165192352941197,0.3735709147593098,-0.0,43.0,-0.489,-0.176,2.104,1.615
01-18,-0.019456249999999994,40.582199999999986,0.2495996408749035,-0.0,43.0,-0.817,-0.23,2.078,1.261
01-19,-0.028653750000000006,59.531880000000015,0.19074020361376465,-0.0,43.0,-1.203,-0.31,2.826,1.623
01-20,-0.05751975,117.21860000000001,0.04126387315115476,-2.0,43.0,-2.416,-0.422,3.387,0.971
01-21,-0.04029920000000001,82.37847000000001,0.0670186570819804,-1.0,43.0,-1.692,-0.209,2.626,0.934
01-22,-0.011319999999999997,24.394599999999993,0.5231511455622946,-0.0,43.0,-0.475,-0.107,1.992,1.517
01-23,0.0027211538461538497,-3.0226576923076993,0.9166411042644744,0.0,43.0,0.114,0.021,2.363,2.477
01-24,-0.03032142857142856,63.07665714285712,0.29048175872442505,-0.0,43.0,-1.274,-0.288,3.071,1.797
01-25,-0.04939636363636364,101.24350727272727,0.055457207349771664,-1.0,43.0,-2.075,-0.474,3.488,1.413
01-26,-0.02735666666666668,56.977333333333355,0.228748367942873,-0.0,43.0,-1.148,-0.356,2.838,1.69
01-27,-0.004468421052631589,11.314042105263178,0.8587690092071076,-0.0,43.0,-0.188,-0.048,2.471,2.283
01-28,-0.019102499999999994,40.44069999999999,0.5231511455622946,-0.0,43.0,-0.802,-0.183,2.637,1.835
01-29,-0.0159895,34.3845,0.40246125139431443,-0.0,43.0,-0.671,-0.232,2.741,2.07
01-30,-0.010426315789473693,23.541131578947386,0.6080676611826197,-0.0,43.0,-0.437,-0.114,2.907,2.47
01-31,-0.025470000000000013,53.260600000000025,0.1576824396897476,-0.0,43.0,-1.069,-0.258,2.855,1.786
02-01,-0.017687499999999995,37.61069999999999,0.30495125568079406,-0.0,43.0,-0.743,-0.147,2.607,1.864
02-02,-0.03820499999999999,78.74191999999998,0.024436973166737097,-2.0,43.0,-1.604,-0.298,3.134,1.53
02-03,-0.040186000000000006,82.67562000000001,0.018008460481599986,-2.0,43.0,-1.688,-0.372,3.148,1.46
02-04,-0.041163636363636374,84.39317272727274,0.02442133526107315,-2.0,43.0,-1.729,-0.45,2.93,1.201
02-05,-0.053317199999999995,109.20969999999998,0.09609384700300017,-1.0,43.0,-2.239,-0.402,3.695,1.456
02-06,-0.09988235294117649,202.764505882353,0.01702738498423284,-2.0,43.0,-4.195,-0.734,5.097,0.902
02-07,-0.04716666666666666,97.53123333333333,0.11889391736674293,-0.0,43.0,-1.981,-0.424,4.188,2.207
02-08,-0.03773333333333332,77.81556666666664,0.05959532291256653,-1.0,43.0,-1.585,-0.505,3.141,1.556
02-09,-0.04429565217391307,90.51570434782614,0.004867704054971833,-3.0,43.0,-1.861,-0.711,2.855,0.994
02-10,-0.05416305555555556,110.22221111111112,0.0014122869820696327,-3.0,43.0,-2.275,-0.432,3.034,0.759
02-11,-0.043736363636363636,90.04802727272727,0.10695586597546725,-0.0,43.0,-1.837,-0.309,3.494,1.657
02-12,-0.01886666666666666,40.05393333333332,0.4324831630856889,-0.0,43.0,-0.793,-0.16,2.717,1.924
02-13,0.002829999999999977,-3.0846999999999545,0.891751923947327,0.0,43.0,0.119,0.031,2.516,2.635
02-14,0.0,2.3772,0.9916485828791297,0.0,43.0,0.0,0.0,2.377,2.377
02-15,-0.020554736842105268,43.51497368421054,0.40829142982755906,-0.0,43.0,-0.863,-0.251,2.837,1.974
02-16,-0.020753333333333353,43.855566666666704,0.43861982704763225,-0.0,43.0,-0.872,-0.163,2.785,1.913
02-17,-0.022325555555555557,46.75380111111111,0.3150507838438277,-0.0,43.0,-0.938,-0.219,2.572,1.634
02-18,-0.026776153846153845,55.55028769230769,0.2328466829852629,-0.0,43.0,-1.124,-0.273,2.56,1.436
02-19,-0.021791000000000026,45.30830000000005,0.2539039275459176,-0.0,43.0,-0.915,-0.165,2.184,1.269
02-20,-0.022639999999999993,47.150629999999985,0.21291506837681595,-0.0,43.0,-0.951,-0.318,2.346,1.395
02-21,-0.01326562499999999,28.795249999999978,0.4962739352680188,-0.0,43.0,-0.558,-0.148,2.543,1.985
02-22,-0.015722222222222193,34.38764444444438,0.5719835030644609,-0.0,43.0,-0.66,-0.114,3.273,2.613
02-23,-0.0012485294117647089,5.083678823529418,0.9749521512779935,-0.0,43.0,-0.053,-0.011,2.613,2.56
02-24,-0.0040428571428571414,10.491214285714282,0.9000495104447428,-0.0,43.0,-0.169,-0.024,2.49,2.321
02-25,0.0071838461538461604,-11.899932307692321,0.7535494327517966,0.0,43.0,0.302,0.068,2.317,2.619
02-26,0.016414,-30.224400000000006,0.5648655342872453,0.0,43.0,0.689,0.148,2.259,2.948
02-27,-0.005942999999999999,14.149999999999997,0.8341716855869401,-0.0,43.0,-0.25,-0.042,2.389,2.139
02-28,-0.016154583333333333,35.082566666666665,0.41427584482478563,-0.0,43.0,-0.679,-0.17,3.113,2.434
03-01,-0.0283,59.5715,0.14564381354886802,-0.0,43.0,-1.189,-0.26,3.566,2.377
03-02,0.0008323529411764769,1.618094117647046,0.9749521512779935,0.0,43.0,0.035,0.006,3.265,3.3
03-03,-0.024257142857142866,51.74048571428573,0.4897429301593239,-0.0,43.0,-1.019,-0.17,3.736,2.717
03-04,-0.0115853125,26.057225,0.6754626761775353,-0.0,43.0,-0.487,-0.072,3.13,2.643
03-05,-0.032416363636363646,67.6344272727273,0.21291506837681595,-0.0,43.0,-1.361,-0.346,3.482,2.121
03-06,-0.029715,62.0619,0.18724018691704014,-0.0,43.0,-1.248,-0.306,3.256,2.008
03-07,-0.04890593750000001,100.19190500000002,0.03276543891075767,-2.0,43.0,-2.054,-0.557,3.407,1.353
03-08,-0.03276269230769229,67.73278461538457,0.08610185002533899,-1.0,43.0,-1.376,-0.266,2.895,1.519
03-09,-0.022168333333333307,46.57236666666661,0.20532555219922743,-0.0,43.0,-0.931,-0.271,2.701,1.77
03-10,-0.016551212121212126,35.182474242424256,0.3736756237696608,-0.0,43.0,-0.696,-0.167,2.428,1.732
03-11,0.005659999999999998,-9.310699999999997,0.7774736768910839,0.0,43.0,0.238,0.041,1.89,2.128
03-12,0.028151052631578945,-54.15130526315789,0.2672334752083101,0.0,43.0,1.182,0.241,1.56,2.742
03-13,0.001326562500000003,-0.19102500000000644,0.9749521512779935,0.0,43.0,0.056,0.014,2.434,2.49
03-14,-0.003234285714285729,8.579751428571457,0.883501479970751,-0.0,43.0,-0.136,-0.029,2.179,2.043
03-15,0.004798695652173917,-7.616391304347833,0.7141339337705952,0.0,43.0,0.202,0.056,1.88,2.082
03-16,0.012064736842105265,-22.17677368421053,0.48316474693493383,0.0,43.0,0.507,0.117,1.699,2.206
03-17,-0.009642962962962968,21.182025925925934,0.6302255973372057,-0.0,43.0,-0.405,-0.097,2.099,1.694
03-18,-0.003918461538461537,10.064133076923074,0.8752528040453418,-0.0,43.0,-0.164,-0.03,2.309,2.145
03-19,-0.011617894736842101,25.216789473684205,0.5935036631544905,-0.0,43.0,-0.488,-0.149,2.225,1.737
03-20,-0.04480833333333333,91.86368666666667,0.05959532291256653,-1.0,43.0,-1.882,-0.61,3.188,1.306
03-21,-0.06339199999999999,129.24609999999998,0.012746657575597675,-2.0,43.0,-2.662,-0.675,3.793,1.131
03-22,-0.06030076923076922,122.83723846153845,0.007855533894699951,-3.0,43.0,-2.533,-0.545,3.502,0.969
03-23,-0.035375000000000004,72.8159,0.0880160917815056,-1.0,43.0,-1.486,-0.262,2.809,1.323
03-24,-0.03859090909090908,79.07791818181816,0.0423043212528913,-2.0,43.0,-1.621,-0.498,2.707,1.086
03-25,-0.03594100000000001,73.94790000000002,0.0769351149301789,-1.0,43.0,-1.51,-0.43,2.821,1.311
03-26,-0.02122500000000005,44.3800600000001,0.228748367942873,-0.0,43.0,-0.892,-0.207,2.376,1.484
03-27,-0.020376000000000005,42.534900000000015,0.19074020361376465,-0.0,43.0,-0.856,-0.164,2.211,1.355
03-28,-0.023583333333333328,48.83353666666666,0.14858587369541154,-0.0,43.0,-0.99,-0.21,2.162,1.172
03-29,-0.027054799999999997,55.816089999999996,0.10927231463132703,-0.0,43.0,-1.137,-0.279,2.275,1.138
03-30,-0.047130384615384616,96.60966923076923,0.0515609420481955,-1.0,43.0,-1.98,-0.29,3.339,1.359
03-31,-0.051182571428571424,105.33664285714285,0.054096966879475517,-1.0,43.0,-2.149,-0.511,4.046,1.897
04-01,-0.03679,75.84400000000001,0.09403879939083559,-1.0,43.0,-1.546,-0.308,3.037,1.491
04-02,-0.028835405405405412,59.595210810810826,0.04228173560395443,-2.0,43.0,-1.211,-0.311,2.53,1.319
04-03,-0.029586363636363657,61.09712727272731,0.07182124920032962,-1.0,43.0,-1.243,-0.254,2.546,1.303
04-04,-0.013317647058823526,28.899294117647052,0.47663412297188756,-0.0,43.0,-0.56,-0.07,2.544,1.984
04-05,-0.008104090909090911,18.32219181818182,0.5096661617317191,-0.0,43.0,-0.34,-0.092,2.284,1.944
04-06,-0.024526666666666676,50.94094333333335,0.18033620864193733,-0.0,43.0,-1.03,-0.311,2.403,1.373
04-07,-0.020175161290322586,41.93512258064517,0.1979837434088263,-0.0,43.0,-0.847,-0.106,2.008,1.161
04-08,-0.01991481481481485,41.3408496296297,0.13721234475748667,-0.0,43.0,-0.836,-0.197,1.929,1.093
04-09,-0.019424090909090908,40.26318181818181,0.21681007376184036,-0.0,43.0,-0.816,-0.237,1.823,1.007
04-10,-0.009085789473684209,19.473378947368417,0.5508000891045939,-0.0,43.0,-0.382,-0.128,1.493,1.111
04-11,-0.009500714285714282,20.481518571428563,0.5719413997548703,-0.0,43.0,-0.399,-0.165,1.68,1.281
04-12,-0.015020769230769235,31.41125846153847,0.3680538632140329,-0.0,43.0,-0.631,-0.182,1.685,1.054
04-13,-0.007277142857142855,16.107955714285712,0.6007457782223744,-0.0,43.0,-0.305,-0.063,1.706,1.401
04-14,0.013644642857142857,-25.336585714285714,0.5508000891045939,0.0,43.0,0.573,0.103,1.666,2.239
04-15,0.009988235294117645,-18.27847058823529,0.622788834678109,0.0,43.0,0.42,0.069,1.488,1.908
04-16,0.010558076923076923,-19.616253846153846,0.5577465185874027,0.0,43.0,0.444,0.129,1.278,1.722
04-17,0.018960999999999995,-36.53529999999999,0.26718106501086947,0.0,43.0,0.796,0.376,0.989,1.785
04-18,0.015238461538461534,-29.17512307692307,0.37924516665179775,0.0,43.0,0.64,0.314,0.982,1.622
04-19,0.00943333333333333,-17.60448666666666,0.5029000698410666,0.0,43.0,0.396,0.171,1.064,1.46
04-20,0.00424500000000001,-7.15990000000002,0.7534971817469416,0.0,43.0,0.178,0.056,1.241,1.419
04-21,-0.010789374999999997,22.852249999999994,0.509619787391776,-0.0,43.0,-0.453,-0.132,1.5,1.047
04-22,-0.007546666666666664,16.11496333333333,0.3965279954097527,-0.0,43.0,-0.317,-0.18,1.18,0.863
04-23,-0.007546666666666674,16.08383333333335,0.5369091838397673,-0.0,43.0,-0.317,-0.125,1.149,0.832
04-24,-0.006446111111111115,13.98177222222223,0.5231966618168244,-0.0,43.0,-0.271,-0.074,1.225,0.954
04-25,-0.007546666666666664,16.03855333333333,0.5162935358472847,-0.0,43.0,-0.317,-0.113,1.104,0.787
04-26,-0.00872583333333333,18.69686666666666,0.43861982704763225,-0.0,43.0,-0.366,-0.095,1.428,1.062
04-27,-0.00943333333333333,20.196766666666658,0.4384860317024377,-0.0,43.0,-0.396,-0.157,1.528,1.132
04-28,-0.01886666666666666,38.86533333333332,0.20905378740002378,-0.0,43.0,-0.792,-0.26,1.528,0.736
04-29,-0.006917777777777776,14.826055555555552,0.586220520517374,-0.0,43.0,-0.291,-0.081,1.136,0.845
04-30,0.0,1.2169,0.9749466639446944,0.0,43.0,0.0,0.0,1.217,1.217
05-01,0.0029964705882352966,-4.889241176470593,0.8260191734917419,0.0,43.0,0.126,0.046,1.041,1.167
05-02,0.0010481481481481479,-1.1057962962962957,0.875207604332473,0.0,43.0,0.045,0.016,0.968,1.013
05-03,0.004293793103448275,-7.60840620689655,0.7141339337705952,0.0,43.0,0.18,0.073,0.889,1.069
05-04,0.011537692307692304,-21.83301461538461,0.5095579346609496,0.0,43.0,0.485,0.197,1.0,1.485
05-05,0.013835555555555552,-26.652311111111104,0.33553263802952693,0.0,43.0,0.581,0.238,0.728,1.309
05-06,0.009055999999999998,-17.2064,0.40222062095540445,0.0,43.0,0.381,0.199,0.715,1.096
05-07,0.0015564999999999995,-2.292299999999999,0.8834296099515901,0.0,43.0,0.065,0.051,0.788,0.853
05-08,-0.0019363157894736807,4.665031578947362,0.7774420194512828,-0.0,43.0,-0.081,-0.077,0.833,0.752
05-09,0.0,0.85749,0.966595553096294,0.0,43.0,0.0,0.0,0.857,0.857
05-10,0.002738709677419354,-4.789729354838707,0.6678120652301731,0.0,43.0,0.115,0.034,0.63,0.745
05-11,0.0023059259259259252,-3.771341851851851,0.7854679902208623,0.0,43.0,0.097,0.023,0.792,0.889
05-12,0.003987727272727271,-7.095324545454543,0.6007058833559424,0.0,43.0,0.168,0.038,0.796,0.964
05-13,0.002829999999999999,-4.810999999999998,0.5161248633129056,0.0,43.0,0.118,0.022,0.79,0.908
05-14,0.004821481481481484,-8.992062962962967,0.5647802538350086,0.0,43.0,0.202,0.094,0.55,0.752
05-15,0.004042857142857134,-7.443304285714268,0.6451366004806696,0.0,43.0,0.169,0.108,0.558,0.727
05-16,0.006670714285714284,-12.662228571428567,0.36798389167230106,0.0,43.0,0.28,0.161,0.539,0.819
05-17,0.011319999999999992,-21.960799999999985,0.16692806656390635,0.0,43.0,0.476,0.175,0.441,0.917
05-18,0.007718181818181826,-14.813763636363651,0.24090544048044604,0.0,43.0,0.324,0.153,0.461,0.785
05-19,0.0014149999999999812,-2.2073999999999625,0.7774736768910839,0.0,43.0,0.059,0.027,0.593,0.652
05-20,-0.0024440909090909135,5.790951818181827,0.8178862658389356,-0.0,43.0,-0.103,-0.03,0.954,0.851
05-21,-0.0022404166666666705,5.343983333333341,0.6830804513382085,-0.0,43.0,-0.094,-0.042,0.91,0.816
05-22,-0.002829999999999999,6.593899999999999,0.6830804513382085,-0.0,43.0,-0.119,-0.05,0.993,0.874
05-23,-0.0014149999999999996,3.6252299999999993,0.8751351824895208,-0.0,43.0,-0.059,-0.019,0.825,0.766
05-24,0.0004716666666666665,-0.23583333333333312,0.9249277615032883,0.0,43.0,0.019,0.007,0.698,0.717
05-25,-0.0008843749999999997,2.6715199999999992,0.883501479970751,-0.0,43.0,-0.037,-0.018,0.921,0.884
05-26,-0.00528763157894737,11.458223157894741,0.6450520953690573,-0.0,43.0,-0.222,-0.092,0.994,0.772
05-27,-0.0008070740740740773,2.5961581481481546,0.8587843175062668,-0.0,43.0,-0.034,-0.014,0.999,0.965
05-28,0.004301599999999994,-7.697599999999987,0.6830366521203326,0.0,43.0,0.181,0.099,0.815,0.996
05-29,0.0044022222222222206,-7.870544444444442,0.6376255155715322,0.0,43.0,0.185,0.101,0.841,1.026
05-30,0.004244999999999991,-7.527799999999982,0.5933687422603768,0.0,43.0,0.178,0.104,0.873,1.051
05-31,0.006697666666666665,-12.56897333333333,0.5862615500921726,0.0,43.0,0.281,0.159,0.686,0.967
06-01,0.006225999999999999,-11.716199999999997,0.40817156884755157,0.0,43.0,0.262,0.141,0.605,0.867
06-02,0.002572727272727272,-4.466254545454544,0.8341119653591769,0.0,43.0,0.108,0.058,0.625,0.733
06-03,0.00042974074074074084,-0.06708148148148174,0.9249277615032883,0.0,43.0,0.018,0.01,0.783,0.801
06-04,-0.005895833333333327,12.572746666666653,0.5862615500921726,-0.0,43.0,-0.248,-0.106,0.905,0.657
06-05,-0.0008843749999999963,2.6177499999999925,0.9166289701649222,-0.0,43.0,-0.038,-0.02,0.868,0.83
06-06,0.005738611111111113,-10.648032222222225,0.5934497108515815,0.0,43.0,0.241,0.102,0.709,0.95
06-07,0.014307222222222221,-27.674884444444444,0.2857055748050956,0.0,43.0,0.601,0.254,0.639,1.24
06-08,0.012485294117647058,-23.98008823529412,0.3680538632140329,0.0,43.0,0.525,0.11,0.728,1.253
06-09,0.012318823529411764,-23.85090705882353,0.2904289129730353,0.0,43.0,0.517,0.193,0.528,1.045
06-10,0.015198148148148146,-29.632196296296293,0.052790203762537846,1.0,43.0,0.638,0.41,0.445,1.083
06-11,0.016414000000000005,-32.03560000000002,0.10247670723570845,0.0,43.0,0.689,0.243,0.448,1.137
06-12,0.011537692307692296,-22.22072461538459,0.24954776716606664,0.0,43.0,0.485,0.193,0.612,1.097
06-13,0.013260571428571427,-25.745722857142855,0.11881310845597293,0.0,43.0,0.557,0.352,0.497,1.054
06-14,0.012324193548387097,-23.884287096774194,0.19428853743630548,0.0,43.0,0.518,0.316,0.505,1.023
06-15,0.00977636363636364,-18.88767727272728,0.18712743924321185,0.0,43.0,0.41,0.213,0.46,0.87
06-16,0.005555185185185187,-10.487770370370374,0.3791755204491012,0.0,43.0,0.233,0.158,0.506,0.739
06-17,0.0011005555555555551,-1.5077611111111104,0.93325206439714,0.0,43.0,0.046,0.031,0.67,0.716
06-18,0.002425714285714285,-4.20335857142857,0.6830695032337759,0.0,43.0,0.102,0.045,0.597,0.699
06-19,0.0051605882352941225,-9.670276470588245,0.37355345833048315,0.0,43.0,0.216,0.074,0.543,0.759
06-20,0.004161764705882352,-7.8141294117647035,0.4962739352680188,0.0,43.0,0.175,0.101,0.422,0.597
06-21,0.004244999999999999,-7.923999999999999,0.39616550592568145,0.0,43.0,0.178,0.078,0.477,0.655
06-22,0.0033294117647058815,-6.036223529411763,0.5790599012763988,0.0,43.0,0.14,0.05,0.553,0.693
06-23,0.002829999999999995,-4.924199999999989,0.5791014739018652,0.0,43.0,0.119,0.067,0.676,0.795
06-24,0.003962000000000004,-7.239140000000008,0.5163395071152386,0.0,43.0,0.166,0.092,0.602,0.768
06-25,0.004068125000000006,-7.448560000000012,0.43236549532479907,0.0,43.0,0.171,0.098,0.602,0.773
06-26,0.002164117647058823,-3.6575252941176455,0.7534361802357805,0.0,43.0,0.091,0.052,0.625,0.716
06-27,0.001188600000000005,-1.73479000000001,0.7297534781067445,0.0,43.0,0.05,0.036,0.617,0.667
06-28,0.004952500000000003,-9.197500000000007,0.3354620225574947,0.0,43.0,0.209,0.142,0.603,0.812
06-29,0.006045909090909094,-11.469218181818187,0.37929738643595234,0.0,43.0,0.254,0.171,0.496,0.75
06-30,0.003537499999999999,-6.404289999999998,0.6007457782223744,0.0,43.0,0.149,0.072,0.596,0.745
07-01,0.003918461538461546,-7.242623076923092,0.4896953730929159,0.0,43.0,0.165,0.038,0.512,0.677
07-02,0.0010612499999999997,-1.5763099999999994,0.7855214940093,0.0,43.0,0.044,0.028,0.524,0.568
07-03,0.0031444444444444436,-5.722888888888887,0.5861794787855912,0.0,43.0,0.132,0.089,0.5,0.632
07-04,0.002572727272727267,-4.641714545454534,0.6301006458974663,0.0,43.0,0.108,0.087,0.45,0.558
07-05,0.004414799999999994,-8.337179999999988,0.3847978537930854,0.0,43.0,0.185,0.13,0.4,0.585
07-06,0.00254700000000001,-4.556300000000021,0.6753508729379369,0.0,43.0,0.107,0.047,0.484,0.591
07-07,0.004177619047619044,-7.760938095238087,0.463651730306337,0.0,43.0,0.175,0.093,0.507,0.682
07-08,0.0028299999999999974,-4.839299999999995,0.6678120652301731,0.0,43.0,0.119,0.051,0.761,0.88
07-09,0.0035246363636363635,-6.4436527272727275,0.6078841430903956,0.0,43.0,0.148,0.1,0.532,0.68
07-10,0.004421874999999999,-8.257939999999996,0.3678788923784473,0.0,43.0,0.186,0.128,0.493,0.679
07-11,0.005410294117647057,-10.254588235294115,0.37929738643595234,0.0,43.0,0.228,0.144,0.452,0.68
07-12,0.005442307692307695,-10.346915384615391,0.26272057644155566,0.0,43.0,0.229,0.121,0.423,0.652
07-13,0.005862142857142856,-11.18658571428571,0.267163592687639,0.0,43.0,0.246,0.167,0.415,0.661
07-14,0.012451999999999996,-24.091789999999992,0.20158068640811289,0.0,43.0,0.523,0.264,0.551,1.074
07-15,0.010033636363636364,-19.283362727272728,0.31998569069239435,0.0,43.0,0.422,0.199,0.573,0.995
07-16,0.009433333333333334,-18.071436666666667,0.330262002016976,0.0,43.0,0.396,0.249,0.597,0.993
07-17,0.008804444444444445,-16.64668888888889,0.4962739352680188,0.0,43.0,0.37,0.173,0.777,1.147
07-18,0.011909583333333336,-22.82866666666667,0.37924516665179775,0.0,43.0,0.501,0.264,0.74,1.241
07-19,0.009904999999999997,-18.960999999999995,0.3303326571497127,0.0,43.0,0.416,0.183,0.641,1.057
07-20,0.013341428571428568,-25.833857142857138,0.11885351416774959,0.0,43.0,0.56,0.279,0.569,1.129
07-21,0.008909259259259257,-16.969518518518512,0.37924516665179775,0.0,43.0,0.374,0.242,0.662,1.036
07-22,0.005659999999999998,-10.587029999999997,0.43855294110385956,0.0,43.0,0.238,0.169,0.614,0.852
07-23,0.002085263157894742,-3.344166315789484,0.7694160499485434,0.0,43.0,0.087,0.05,0.783,0.87
07-24,0.0,0.81504,0.966595553096294,0.0,43.0,0.0,0.0,0.815,0.815
07-25,0.0,0.66788,0.9832947253899236,0.0,43.0,0.0,0.0,0.668,0.668
07-26,0.0027356666666666658,-4.851563333333332,0.7062839969706802,0.0,43.0,0.115,0.065,0.562,0.677
07-27,0.0036554166666666658,-6.742003333333332,0.48311681310894494,0.0,43.0,0.154,0.139,0.492,0.646
07-28,0.004245000000000002,-7.805140000000005,0.4262282315933428,0.0,43.0,0.178,0.156,0.596,0.774
07-29,0.0020017073170731673,-3.3977946341463348,0.6375886580364176,0.0,43.0,0.084,0.069,0.564,0.648
07-30,0.0,0.5377,0.991646752364653,0.0,43.0,0.0,0.0,0.538,0.538
07-31,0.002247352941176468,-3.951345882352936,0.698472513835187,0.0,43.0,0.095,0.111,0.496,0.591
08-01,0.0035637037037037026,-6.476507407407405,0.5577896708966845,0.0,43.0,0.15,0.1,0.576,0.726
08-02,0.0035091999999999988,-6.398629999999998,0.5437663707039468,0.0,43.0,0.147,0.116,0.546,0.693
08-03,0.0005306250000000068,-0.38771000000001343,0.9000349845810995,0.0,43.0,0.023,0.02,0.662,0.685
08-04,0.0,0.6792,0.9499024861274763,0.0,43.0,0.0,0.0,0.679,0.679
08-05,-0.0030068749999999974,6.608049999999995,0.6677778450266203,-0.0,43.0,-0.126,-0.134,0.657,0.531
08-06,-0.0037304545454545494,8.026909090909099,0.4142076529921339,-0.0,43.0,-0.156,-0.19,0.644,0.488
08-07,-0.0070750000000000075,14.659400000000016,0.13440234533023143,-0.0,43.0,-0.297,-0.358,0.658,0.361
08-08,-0.0056857272727272815,11.923304545454563,0.29525794445998166,-0.0,43.0,-0.239,-0.182,0.671,0.432
08-09,-0.003537499999999999,7.6042099999999975,0.5367604458129838,-0.0,43.0,-0.148,-0.123,0.603,0.455
08-10,-0.0021769230769230763,4.854756153846153,0.578962850778872,-0.0,43.0,-0.092,-0.07,0.547,0.455
08-11,-0.001886666666666666,4.339333333333332,0.7376131770903807,-0.0,43.0,-0.08,-0.051,0.606,0.526
08-12,-0.0031444444444444436,6.792628888888887,0.5096043263821133,-0.0,43.0,-0.132,-0.097,0.57,0.438
08-13,-0.0029964705882352997,6.502341176470599,0.6152991987982224,-0.0,43.0,-0.126,-0.095,0.572,0.446
08-14,0.0013947857142857134,-2.1952714285714268,0.8752256901125524,0.0,43.0,0.059,0.046,0.565,0.624
08-15,0.000965529411764709,-1.365058823529418,0.875207604332473,0.0,43.0,0.04,0.033,0.546,0.586
08-16,-0.00020214285714284915,0.9702857142856982,0.9083119712181327,-0.0,43.0,-0.008,-0.006,0.57,0.562
08-17,0.0,0.5094,0.9832922839014533,0.0,43.0,0.0,0.0,0.509,0.509
08-18,0.002223571428571428,-3.966042857142856,0.5576457810028119,0.0,43.0,0.094,0.098,0.434,0.528
08-19,0.0031444444444444436,-5.864388888888887,0.49616379686904466,0.0,43.0,0.133,0.148,0.358,0.491
08-20,0.00411636363636363,-7.77992727272726,0.2716763407393381,0.0,43.0,0.173,0.195,0.366,0.539
08-21,0.010290909090909088,-20.109208181818175,0.05144159662707759,1.0,43.0,0.432,0.569,0.257,0.689
08-22,0.008323529411764707,-16.165958823529415,0.09182944059773313,1.0,43.0,0.35,0.515,0.306,0.656
08-23,0.005895833333333332,-11.282266666666665,0.10448805068895095,0.0,43.0,0.247,0.305,0.386,0.633
08-24,0.0036623529411764777,-6.900205882352956,0.25768566141096727,0.0,43.0,0.153,0.229,0.348,0.501
08-25,0.0031444444444444436,-5.864388888888887,0.509511529896826,0.0,43.0,0.133,0.19,0.358,0.491
08-26,0.004245000000000003,-8.068330000000005,0.3510452950401515,0.0,43.0,0.178,0.18,0.333,0.511
08-27,0.0026348275862068957,-4.873455172413792,0.5503630642135913,0.0,43.0,0.111,0.103,0.341,0.452
08-28,-0.000599294117647059,1.623088235294118,0.8669656217997901,-0.0,43.0,-0.025,-0.02,0.437,0.412
08-29,0.0004373636363636448,-0.3681572727272896,0.941591278442002,0.0,43.0,0.019,0.007,0.497,0.516
08-30,0.0013463939393939394,-2.2399878787878786,0.8178862658389356,0.0,43.0,0.056,0.006,0.425,0.481
08-31,0.0035503636363636293,-6.642267272727259,0.5231511455622946,0.0,43.0,0.149,0.055,0.384,0.533
09-01,0.005414733333333335,-10.376666666666669,0.3460739241053088,0.0,43.0,0.228,0.184,0.339,0.567
09-02,0.0027324137931034435,-5.012027586206887,0.7140740404454071,0.0,43.0,0.115,0.082,0.395,0.51
09-03,-0.0004888181818181812,1.4162863636363623,0.8834761292627582,-0.0,43.0,-0.021,-0.013,0.449,0.428
09-04,-0.0013583999999999996,3.135639999999999,0.7297819291642027,-0.0,43.0,-0.057,-0.038,0.447,0.39
09-05,0.001741538461538461,-2.934056923076922,0.721913758509706,0.0,43.0,0.074,0.047,0.512,0.586
09-06,0.0028299999999999935,-5.1505999999999865,0.5934092325788172,0.0,43.0,0.119,0.106,0.45,0.569
09-07,0.002943199999999999,-5.461899999999998,0.5790599012763988,0.0,43.0,0.123,0.139,0.363,0.486
09-08,0.003265384615384623,-6.117589230769246,0.43236549532479907,0.0,43.0,0.137,0.191,0.345,0.482
09-09,0.0035682608695652186,-6.712021739130437,0.3407856102771527,0.0,43.0,0.149,0.224,0.35,0.499
09-10,0.0025839130434782615,-4.768796086956524,0.4765858255325064,0.0,43.0,0.108,0.12,0.345,0.453
09-11,0.004244999999999999,-8.093799999999998,0.15748517604373324,0.0,43.0,0.178,0.25,0.307,0.485
09-12,0.002672777777777783,-4.966335555555566,0.36229155340465535,0.0,43.0,0.112,0.087,0.323,0.435
09-13,0.0007718181818181816,-1.1587563636363631,0.7453670753060642,0.0,43.0,0.032,0.013,0.369,0.401
09-14,0.00023583333333332865,-0.0811266666666573,0.949918936395435,0.0,43.0,0.009,0.006,0.386,0.395
09-15,0.0004716666666666665,-0.518833333333333,0.8178405146502148,0.0,43.0,0.019,0.017,0.415,0.434
09-16,0.0,0.4245,1.0,0.0,43.0,0.0,0.0,0.424,0.424
09-17,0.0001286363636363636,0.16722727272727278,0.883442302561537,0.0,43.0,0.005,0.003,0.422,0.427
09-18,0.0,0.4245,1.0,0.0,43.0,0.0,0.0,0.424,0.424
09-19,0.0004921739130434781,-0.5570178260869563,0.706068926166538,0.0,43.0,0.021,0.023,0.417,0.438
09-20,0.0027324137931034474,-5.0063675862068955,0.5575593800077898,0.0,43.0,0.115,0.139,0.401,0.516
09-21,0.004598749999999999,-8.772999999999996,0.3791755204491012,0.0,43.0,0.193,0.117,0.328,0.521
09-22,0.004353846153846161,-8.271872307692322,0.24510566982469073,0.0,43.0,0.183,0.137,0.344,0.527
09-23,0.0022945945945945954,-4.108089189189191,0.5437074992827688,0.0,43.0,0.096,0.05,0.433,0.529
09-24,0.007075000000000026,-13.64060000000005,0.23677374322221567,0.0,43.0,0.297,0.189,0.361,0.658
09-25,0.005659999999999998,-10.892669999999997,0.1836120705308315,0.0,43.0,0.238,0.172,0.308,0.546
09-26,0.0038912500000000093,-7.358000000000018,0.35160871902862567,0.0,43.0,0.163,0.092,0.343,0.506
09-27,0.0042450000000000005,-8.093800000000002,0.1942233672220075,0.0,43.0,0.178,0.147,0.307,0.485
09-28,0.004716666666666665,-9.00883333333333,0.14852655121416292,0.0,43.0,0.199,0.099,0.325,0.524
09-29,0.00455260869565217,-8.71750739130434,0.2626508463293651,0.0,43.0,0.191,0.058,0.292,0.483
09-30,0.004244999999999999,-8.105119999999998,0.30502190645050176,0.0,43.0,0.178,0.12,0.296,0.474
10-01,0.0026952380952380917,-5.014086190476183,0.43861982704763225,0.0,43.0,0.113,0.078,0.32,0.433
10-02,0.0021225000000000063,-3.8771000000000124,0.48311681310894494,0.0,43.0,0.089,0.103,0.323,0.412
10-03,0.002405500000000005,-4.43178000000001,0.3849714993969384,0.0,43.0,0.101,0.095,0.329,0.43
10-04,0.0024970588235294178,-4.597917647058836,0.3732564834358052,0.0,43.0,0.105,0.087,0.344,0.449
10-05,0.004244999999999999,-8.122099999999998,0.173466028053346,0.0,43.0,0.178,0.21,0.279,0.457
10-06,0.0039148333333333275,-7.467426666666655,0.14564381354886802,0.0,43.0,0.164,0.264,0.28,0.444
10-07,0.004447142857142856,-8.540535714285712,0.12908113136990185,0.0,43.0,0.187,0.307,0.26,0.447
10-08,0.005345555555555554,-10.294911111111109,0.09190066265290331,1.0,43.0,0.224,0.266,0.284,0.508
10-09,0.00527409090909091,-10.095381818181819,0.1289273438076779,0.0,43.0,0.222,0.174,0.342,0.564
10-10,0.004716666666666665,-9.03713333333333,0.2536784057503876,0.0,43.0,0.198,0.116,0.297,0.495
10-11,0.005093999999999983,-9.735199999999965,0.20912030964016948,0.0,43.0,0.214,0.214,0.346,0.56
10-12,0.005659999999999993,-10.838899999999986,0.21659181026855778,0.0,43.0,0.238,0.331,0.362,0.6
10-13,0.004362916666666663,-8.244733333333327,0.3302796677863644,0.0,43.0,0.184,0.241,0.389,0.573
10-14,0.005483125000000005,-10.49081000000001,0.1638215632412754,0.0,43.0,0.231,0.185,0.36,0.591
10-15,0.004581904761904761,-8.711009523809523,0.22053645063502447,0.0,43.0,0.192,0.205,0.357,0.549
10-16,0.0032342857142857134,-6.012941428571427,0.3904380807792187,0.0,43.0,0.136,0.153,0.388,0.524
10-17,0.0030068750000000026,-5.560950000000005,0.4570352550918837,0.0,43.0,0.126,0.136,0.39,0.516
10-18,0.0022909523809523805,-4.157404761904761,0.5577465185874027,0.0,43.0,0.097,0.15,0.376,0.473
10-19,0.0011319999999999998,-1.8394999999999997,0.6525291092710805,0.0,43.0,0.047,0.085,0.401,0.448
10-20,0.001787368421052634,-3.150236842105268,0.5789073633430317,0.0,43.0,0.075,0.143,0.387,0.462
10-21,6.658823529411241e-05,0.2715135294117752,0.8999986421966055,0.0,43.0,0.003,0.004,0.403,0.406
10-22,0.001886666666666666,-3.3120433333333326,0.6226617964935848,0.0,43.0,0.079,0.048,0.422,0.501
10-23,0.0,0.4810999999999999,0.9665747970322003,0.0,43.0,0.0,0.0,0.481,0.481
10-24,0.00036623529411764763,-0.27967058823529534,0.9083086356308263,0.0,43.0,0.015,0.017,0.445,0.46
10-25,0.0015522121212121244,-2.6516242424242487,0.7533751334346444,0.0,43.0,0.065,0.071,0.42,0.485
10-26,0.006603333333333335,-12.725566666666671,0.2950638971071431,0.0,43.0,0.278,0.149,0.342,0.62
10-27,0.006825294117647057,-13.169488235294114,0.3049159227563125,0.0,43.0,0.286,0.18,0.338,0.624
10-28,0.006738095238095236,-13.023390476190473,0.29023505194027166,0.0,43.0,0.283,0.075,0.311,0.594
10-29,0.004921739130434779,-9.418978260869558,0.36800138665617976,0.0,43.0,0.207,0.041,0.321,0.528
10-30,0.004716666666666661,-9.008833333333321,0.36236171815476714,0.0,43.0,0.199,0.065,0.325,0.524
10-31,0.003891249999999992,-7.3579999999999846,0.44462391487792585,0.0,43.0,0.163,0.08,0.343,0.506
11-01,0.009433333333333313,-18.357266666666625,0.22070508050257875,0.0,43.0,0.396,0.208,0.311,0.707
11-02,0.006603333333333304,-12.685946666666608,0.32513267825575465,0.0,43.0,0.277,0.195,0.382,0.659
11-03,0.0024440909090909057,-4.293881818181812,0.6754626761775353,0.0,43.0,0.103,0.084,0.543,0.646
11-04,0.0009947878787878763,-1.4801757575757524,0.8259753918149508,0.0,43.0,0.041,0.034,0.489,0.53
11-05,-0.0018311764705882315,4.200052941176462,0.6375886580364176,-0.0,43.0,-0.077,-0.068,0.576,0.499
11-06,-0.0012660526315789499,3.1264052631578996,0.7062123591182399,-0.0,43.0,-0.053,-0.051,0.621,0.568
11-07,0.0009433333333333357,-1.2357666666666716,0.8016400571726265,0.0,43.0,0.04,0.039,0.631,0.671
11-08,0.004370777777777779,-8.147255555555557,0.45721623326883476,0.0,43.0,0.183,0.144,0.503,0.686
11-09,0.005031111111111103,-9.467922222222208,0.41417354835725817,0.0,43.0,0.211,0.194,0.489,0.7
11-10,0.0005659999999999971,-0.5093999999999943,0.9249468988846141,0.0,43.0,0.023,0.017,0.611,0.634
11-11,-0.0009004545454545452,2.4518090909090904,0.7534623292830107,-0.0,43.0,-0.038,-0.025,0.67,0.632
11-12,-0.0004888181818181803,1.5719363636363606,0.8917637113420818,-0.0,43.0,-0.021,-0.012,0.605,0.584
11-13,0.00021769230769231617,0.26362538461536755,0.9666016504660737,0.0,43.0,0.01,0.007,0.694,0.704
11-14,0.0007718181818181816,-0.8927363636363633,0.8670041288561943,0.0,43.0,0.032,0.032,0.635,0.667
11-15,0.0016980000000000007,-2.6885000000000012,0.8016613352260797,0.0,43.0,0.071,0.05,0.672,0.743
11-16,0.0016979999999999994,-2.6884999999999986,0.809698818367395,0.0,43.0,0.071,0.037,0.672,0.743
11-17,0.002991714285714285,-5.21932857142857,0.5935036631544905,0.0,43.0,0.126,0.083,0.701,0.827
11-18,0.0017687499999999995,-2.745099999999999,0.793547203578389,0.0,43.0,0.075,0.057,0.755,0.83
11-19,-0.0007806896551724136,2.3537793103448275,0.8669848795081778,-0.0,43.0,-0.033,-0.024,0.809,0.776
11-20,-0.009563448275862066,19.98721655172413,0.24954776716606664,-0.0,43.0,-0.402,-0.231,1.061,0.659
11-21,-0.009551249999999997,19.976969999999994,0.20151481523498815,-0.0,43.0,-0.401,-0.23,1.075,0.674
11-22,-0.005251222222222222,11.294844444444445,0.34076797232008804,-0.0,43.0,-0.221,-0.175,0.903,0.682
11-23,-0.008707692307692314,18.25306461538463,0.1735603107363599,-0.0,43.0,-0.366,-0.21,1.021,0.655
11-24,-0.012027500000000024,24.898340000000047,0.1872884962268888,-0.0,43.0,-0.505,-0.204,1.096,0.591
11-25,-0.006973928571428574,14.788367142857147,0.3354796784303229,-0.0,43.0,-0.293,-0.094,0.987,0.694
11-26,-0.003987727272727271,8.827284545454543,0.6375886580364176,-0.0,43.0,-0.168,-0.072,0.936,0.768
11-27,-0.014149999999999996,29.318799999999992,0.29525794445998166,-0.0,43.0,-0.594,-0.298,1.316,0.722
11-28,-0.026076428571428573,53.12354714285715,0.08991778339248047,-1.0,43.0,-1.095,-0.414,1.518,0.423
11-29,-0.027262333333333333,55.61987666666666,0.021888123337307386,-2.0,43.0,-1.145,-0.557,1.668,0.523
11-30,-0.009551249999999997,20.042059999999996,0.3569675212841359,-0.0,43.0,-0.401,-0.201,1.14,0.739
12-01,-0.004624634146341462,10.296368292682924,0.6079759342459223,-0.0,43.0,-0.194,-0.106,1.144,0.95
12-02,-0.0031278947368421073,7.189689473684215,0.5934632009333805,-0.0,43.0,-0.132,-0.067,1.0,0.868
12-03,-0.009405588235294119,19.745076470588238,0.2410944936951409,-0.0,43.0,-0.395,-0.223,1.131,0.736
12-04,-0.014399705882352943,29.753121764705885,0.1802248152356043,-0.0,43.0,-0.605,-0.144,1.256,0.651
12-05,-0.008747272727272732,18.459575454545462,0.26272057644155566,-0.0,43.0,-0.368,-0.103,1.149,0.781
12-06,-0.006946363636363634,14.798327272727269,0.4510441643485952,-0.0,43.0,-0.291,-0.127,1.051,0.76
12-07,-0.006225999999999998,13.357599999999996,0.5791014739018652,-0.0,43.0,-0.261,-0.135,1.036,0.775
12-08,-0.0023246428571428563,5.614315714285713,0.883501479970751,-0.0,43.0,-0.098,-0.039,1.014,0.916
12-09,-0.002712083333333337,6.414666666666674,0.8016400571726265,-0.0,43.0,-0.113,-0.048,1.047,0.934
12-10,-0.0049941176470588225,11.089105294117644,0.6227507366584084,-0.0,43.0,-0.21,-0.107,1.206,0.996
12-11,-0.02837075,58.326299999999996,0.0981849101888681,-1.0,43.0,-1.192,-0.572,2.181,0.989
12-12,-0.024903999999999992,51.03338999999998,0.058151727450652224,-1.0,43.0,-1.046,-0.444,1.748,0.702
12-13,-0.022639999999999993,46.63839999999999,0.11879963932727033,-0.0,43.0,-0.951,-0.262,1.834,0.883
12-14,-0.021326071428571427,44.12374285714285,0.22470123052239233,-0.0,43.0,-0.895,-0.265,1.919,1.024
12-15,-0.02425714285714285,49.900985714285696,0.12908113136990185,-0.0,43.0,-1.019,-0.327,1.896,0.877
12-16,-0.016413999999999998,34.0732,0.1736231526806069,-0.0,43.0,-0.689,-0.214,1.59,0.901
12-17,-0.0009796153846153843,3.572330769230769,0.9499262424258477,-0.0,43.0,-0.041,-0.012,1.634,1.593
12-18,0.0021769230769230763,-2.995446153846153,0.8423600056404426,0.0,43.0,0.091,0.025,1.313,1.404
12-19,0.003773333333333332,-6.3014666666666646,0.7854985687152753,0.0,43.0,0.158,0.041,1.166,1.324
12-20,0.014857500000000003,-28.26038000000001,0.27174637566790194,0.0,43.0,0.624,0.255,1.143,1.767
12-21,0.021225000000000008,-40.89350000000002,0.16705209744230798,0.0,43.0,0.891,0.416,1.111,2.002
12-22,0.011320000000000007,-20.910870000000017,0.4702000697036357,0.0,43.0,0.476,0.138,1.491,1.967
12-23,0.0023583333333333143,-2.8771666666666285,0.8587690092071076,0.0,43.0,0.099,0.026,1.79,1.889
12-24,0.005659999999999998,-9.452199999999998,0.6984305957046775,0.0,43.0,0.238,0.052,1.749,1.987
12-25,0.003908095238095243,-6.251200476190485,0.7534971817469416,0.0,43.0,0.164,0.036,1.483,1.647
12-26,0.0037236842105263087,-5.947468421052617,0.6227507366584084,0.0,43.0,0.156,0.055,1.422,1.578
12-27,0.009843478260869563,-18.192716521739126,0.40234097153235826,0.0,43.0,0.413,0.179,1.288,1.701
12-28,0.012904799999999996,-23.856899999999992,0.4262789273831309,0.0,43.0,0.542,0.095,1.682,2.224
12-29,0.012452000000000019,-23.00790000000004,0.4263465013179992,0.0,43.0,0.523,0.13,1.635,2.158
12-30,0.023489000000000003,-45.195100000000004,0.15460484820085751,0.0,43.0,0.986,0.338,1.29,2.276
12-31,0.013378181818181834,-24.86026363636367,0.37362327559825315,0.0,43.0,0.562,0.12,1.615,2.177
