,slp,intp,pvalue,pvalue_d,n,chg,chg_r,init,last
01-01,0.007499924999999852,-5.191099737499705,0.7108952874500365,0.0,42.0,0.315,0.03,9.651,9.966
01-02,0.005263157894736917,-0.9236843105264647,0.6942324524938992,0.0,42.0,0.221,0.022,9.492,9.713
01-03,0.0055555777777777215,-1.7233775166665524,0.6777161122500928,0.0,42.0,0.233,0.023,9.271,9.504
01-04,0.0026315894736842773,3.9631367473682877,0.6291146665070553,0.0,42.0,0.111,0.011,9.171,9.282
01-05,0.0005262789473684467,8.01270529473679,0.7108952874500365,0.0,42.0,0.022,0.002,9.054,9.076
01-06,0.0,8.91499995,0.6942324524938992,0.0,42.0,0.0,0.0,8.915,8.915
01-07,0.0016666666666667052,5.462500049999924,0.6451505807102356,0.0,42.0,0.07,0.007,8.761,8.831
01-08,0.005789478947368453,-2.9460630552632203,0.5667605869699317,0.0,42.0,0.243,0.026,8.511,8.754
01-09,0.0036666633333333346,1.183507014999999,0.5820690716517367,0.0,42.0,0.154,0.017,8.44,8.594
01-10,0.0053846307692307655,-2.3815694730769152,0.5667605869699317,0.0,42.0,0.226,0.025,8.275,8.501
01-11,0.0071428571428571175,-6.082142557142808,0.6291146665070553,0.0,42.0,0.3,0.034,8.054,8.354
01-12,0.003529405882352954,0.9679530382352679,0.6291146665070553,0.0,42.0,0.148,0.017,7.953,8.101
01-13,0.0036841947368421225,0.4584526736841763,0.5820690716517367,0.0,42.0,0.155,0.018,7.749,7.904
01-14,-0.002999969999999941,13.713439914999881,0.46534374401080925,-0.0,42.0,-0.125,-0.015,7.776,7.651
01-15,-0.0041666833333332915,15.981283174999916,0.36293485816471427,-0.0,42.0,-0.175,-0.021,7.735,7.56
01-16,-0.005263157894736824,18.04368421052628,0.32848073232961217,-0.0,42.0,-0.221,-0.027,7.628,7.407
01-17,-0.004210526315789454,15.808947468421012,0.27593433728642713,-0.0,42.0,-0.177,-0.022,7.476,7.299
01-18,-0.007857114285714228,22.9703000142856,0.29622163753056174,-0.0,42.0,-0.33,-0.041,7.421,7.091
01-19,-0.008181809090909093,23.49452727727273,0.3067305590248952,-0.0,42.0,-0.344,-0.044,7.303,6.959
01-20,-0.005769234615384606,18.58558456346152,0.37490496599151024,-0.0,42.0,-0.242,-0.031,7.168,6.926
01-21,0.0,7.32500005,0.5293305852506016,0.0,42.0,0.0,0.0,7.325,7.325
01-22,0.004545427272727261,-1.73858168181816,0.6451505807102356,0.0,42.0,0.191,0.025,7.257,7.448
01-23,0.00812500625000001,-8.945950046875023,0.7108952874500365,0.0,42.0,0.342,0.045,7.133,7.475
01-24,0.007692299999999985,-8.20575389999997,0.7788649901956481,0.0,42.0,0.323,0.043,7.017,7.34
01-25,0.009999999999999964,-12.945000049999926,0.9016705385876072,0.0,42.0,0.42,0.056,6.845,7.265
01-26,0.011111111111111072,-15.316666566666587,0.839770035257255,0.0,42.0,0.467,0.063,6.672,7.139
01-27,0.009999999999999964,-13.169999949999927,0.8662064065863087,0.0,42.0,0.42,0.057,6.62,7.04
01-28,0.007692307692307665,-8.580769030769176,0.8662064065863087,0.0,42.0,0.323,0.044,6.642,6.965
01-29,0.011176458823529401,-15.597329417647035,0.8310096580691151,0.0,42.0,0.469,0.065,6.521,6.99
01-30,0.00999995714285719,-13.31991410714295,0.761689952058004,0.0,42.0,0.42,0.059,6.47,6.89
01-31,0.009999973333333282,-13.344946579999899,0.761689952058004,0.0,42.0,0.42,0.059,6.445,6.865
02-01,0.006666693333333385,-6.700053220000102,0.761689952058004,0.0,42.0,0.28,0.04,6.493,6.773
02-02,0.006818163636363683,-7.047918140909185,0.761689952058004,0.0,42.0,0.287,0.042,6.445,6.732
02-03,0.007499925000000074,-8.451099987500147,0.7788649901956481,0.0,42.0,0.315,0.046,6.391,6.706
02-04,0.00588235294117645,-5.281764655882311,0.7788649901956481,0.0,42.0,0.247,0.037,6.359,6.606
02-05,0.004666669999999999,-2.886006714999997,0.7961487032320338,0.0,42.0,0.196,0.029,6.349,6.545
02-06,0.004666670000000013,-2.876006765000027,0.7788649901956481,0.0,42.0,0.196,0.03,6.359,6.555
02-07,0.002727336363636403,1.0066909909090116,0.6942324524938992,0.0,42.0,0.115,0.018,6.404,6.519
02-08,0.0033333466666666924,-0.2800266600000514,0.6132517855744677,0.0,42.0,0.14,0.022,6.317,6.457
02-09,0.0005882352941176607,5.1488235794117365,0.5516478210183582,0.0,42.0,0.025,0.004,6.313,6.338
02-10,-0.00047618095238095783,7.267123864285725,0.5220292746208863,-0.0,42.0,-0.02,-0.003,6.325,6.305
02-11,-0.000999974999999953,8.284450112499904,0.5220292746208863,-0.0,42.0,-0.041,-0.007,6.305,6.264
02-12,0.0,6.1999998,0.4791861756075628,0.0,42.0,0.0,0.0,6.2,6.2
02-13,-0.0035714071428571336,13.25602858214284,0.4791861756075628,-0.0,42.0,-0.15,-0.024,6.188,6.038
02-14,-0.0066666555555555795,19.55997778333338,0.5667605869699317,-0.0,42.0,-0.28,-0.046,6.367,6.087
02-15,-0.002499991666666664,11.198733387499995,0.4932503912028541,-0.0,42.0,-0.105,-0.017,6.251,6.146
02-16,-0.006774193548387096,19.715000099999997,0.4791861756075628,-0.0,42.0,-0.285,-0.047,6.309,6.024
02-17,-0.007894742105263145,21.92553668947366,0.507532735474822,-0.0,42.0,-0.332,-0.055,6.302,5.97
02-18,-0.004583320833333349,15.27435015625003,0.4517264720866896,-0.0,42.0,-0.193,-0.032,6.204,6.011
02-19,-0.011470597058823544,29.015458719117674,0.46534374401080925,-0.0,42.0,-0.482,-0.08,6.315,5.833
02-20,-0.016874999999999973,39.791562449999944,0.317483551310608,-0.0,42.0,-0.709,-0.117,6.396,5.687
02-21,-0.020869565217391285,47.74369575217388,0.22084614564234606,-0.0,42.0,-0.877,-0.144,6.443,5.566
02-22,-0.022222199999999956,50.42328889999991,0.18880018541004562,-0.0,42.0,-0.934,-0.154,6.446,5.512
02-23,-0.02090909090909091,47.827727272727266,0.18880018541004562,-0.0,42.0,-0.879,-0.145,6.449,5.57
02-24,-0.01909090909090909,44.13727287727272,0.19647045178774425,-0.0,42.0,-0.801,-0.133,6.356,5.555
02-25,-0.020357132142857153,46.61408556964288,0.21249096477133422,-0.0,42.0,-0.855,-0.143,6.327,5.472
02-26,-0.018750012500000024,43.375649993750045,0.19647045178774425,-0.0,42.0,-0.787,-0.133,6.269,5.482
02-27,-0.017500012499999995,40.846274993749994,0.21249096477133422,-0.0,42.0,-0.735,-0.125,6.214,5.479
02-28,-0.018124993749999985,42.06592505312497,0.2043665291857466,-0.0,42.0,-0.762,-0.13,6.197,5.435
03-01,-0.013846153846153847,33.45538461538462,0.19647045178774425,-0.0,42.0,-0.582,-0.099,6.054,5.472
03-02,-0.014615388461538469,34.96346922884617,0.14735992016656674,-0.0,42.0,-0.614,-0.105,6.04,5.426
03-03,-0.014705882352941176,35.10941191470588,0.1603211528324091,-0.0,42.0,-0.617,-0.105,6.006,5.389
03-04,-0.012692303846153873,31.01326154038467,0.17412614678904337,-0.0,42.0,-0.533,-0.091,5.895,5.362
03-05,-0.01153846923076928,28.666169276923174,0.1603211528324091,-0.0,42.0,-0.485,-0.083,5.832,5.347
03-06,-0.014871805128205136,35.23617435384617,0.14735992016656674,-0.0,42.0,-0.625,-0.108,5.805,5.18
03-07,-0.01538459999999997,36.16150754999994,0.16711655519767832,-0.0,42.0,-0.646,-0.112,5.715,5.069
03-08,-0.01649999499999999,38.29173995249998,0.19647045178774425,-0.0,42.0,-0.693,-0.121,5.638,4.945
03-09,-0.012857128571428575,30.932828728571437,0.23825744188756026,-0.0,42.0,-0.54,-0.094,5.489,4.949
03-10,-0.009999992857142845,25.16498556785712,0.266154543300259,-0.0,42.0,-0.42,-0.074,5.375,4.955
03-11,-0.01071429285714284,26.568228567857105,0.25661600271303886,-0.0,42.0,-0.45,-0.079,5.365,4.915
03-12,-0.010000000000000009,25.159999950000017,0.24731745742367428,-0.0,42.0,-0.42,-0.073,5.37,4.95
03-13,-0.00833336666666673,21.917566750000127,0.317483551310608,-0.0,42.0,-0.35,-0.06,5.426,5.076
03-14,0.007499993749999989,-9.35123750312498,0.661353237644444,0.0,42.0,0.315,0.053,5.491,5.806
03-15,0.012499987499999976,-19.318725056249953,0.661353237644444,0.0,42.0,0.525,0.086,5.419,5.944
03-16,0.0173076846153846,-28.93171543846151,0.4383374552726653,0.0,42.0,0.727,0.117,5.32,6.047
03-17,0.012916683333333364,-20.081908225000063,0.3995666898442778,0.0,42.0,0.543,0.085,5.48,6.023
03-18,0.010277780555555567,-14.845422320833357,0.5367357981091128,0.0,42.0,0.432,0.066,5.494,5.926
03-19,0.009166672222222227,-12.658761058333344,0.5820690716517367,0.0,42.0,0.385,0.057,5.482,5.867
03-20,-0.001764717647058819,9.103552985294108,0.883909392651155,-0.0,42.0,-0.074,-0.01,5.611,5.537
03-21,-0.009499980000000009,24.605209910000017,0.9552145926892925,-0.0,42.0,-0.399,-0.054,5.805,5.406
03-22,-0.014666686666666647,34.941039989999965,0.9731197167307599,-0.0,42.0,-0.616,-0.082,5.916,5.3
03-23,-0.017000006666666678,39.666513280000025,0.9731197167307599,-0.0,42.0,-0.715,-0.094,6.024,5.309
03-24,-0.020370377777777792,46.47557026666669,0.9731197167307599,-0.0,42.0,-0.856,-0.111,6.163,5.307
03-25,-0.020000000000000018,45.88999985000004,0.9910383984121822,-0.0,42.0,-0.84,-0.107,6.31,5.47
03-26,-0.012380938095238088,30.855685621428556,0.9373320419227238,-0.0,42.0,-0.52,-0.065,6.354,5.834
03-27,-0.0031578894736841753,12.629200052631507,0.9731197167307599,-0.0,42.0,-0.133,-0.016,6.38,6.247
03-28,-0.006250025000000048,18.956925037500095,0.8662064065863087,-0.0,42.0,-0.262,-0.03,6.588,6.326
03-29,-0.008636368181818172,23.89841827954543,0.9373320419227238,-0.0,42.0,-0.363,-0.041,6.807,6.444
03-30,-0.013888888888888888,34.66583333333333,0.9552145926892925,-0.0,42.0,-0.584,-0.063,7.18,6.596
03-31,-0.018055549999999993,43.112072224999984,0.9016705385876072,-0.0,42.0,-0.758,-0.079,7.38,6.622
04-01,-0.02142858571428568,49.94145718571421,0.8662064065863087,-0.0,42.0,-0.9,-0.091,7.534,6.634
04-02,-0.021176447058823482,49.66730594411755,0.9731197167307599,-0.0,42.0,-0.889,-0.087,7.759,6.87
04-03,-0.022222200000000056,52.10828885000011,0.8485702914543127,-0.0,42.0,-0.934,-0.089,8.131,7.197
04-04,-0.013636363636363669,35.265909090909155,0.761689952058004,-0.0,42.0,-0.573,-0.053,8.28,7.707
04-05,-0.008333324999999947,25.012483237499893,0.7108952874500365,-0.0,42.0,-0.35,-0.032,8.521,8.171
04-06,-0.016666649999999894,41.799966574999786,0.919481045938793,-0.0,42.0,-0.7,-0.063,8.817,8.117
04-07,-0.019999949999999878,48.539900224999755,0.883909392651155,-0.0,42.0,-0.84,-0.074,8.96,8.12
04-08,-0.029565230434782593,68.1156782543478,0.8135330043961142,-0.0,42.0,-1.242,-0.106,9.606,8.364
04-09,-0.02699999750000002,63.286495201250034,0.7108952874500365,-0.0,42.0,-1.134,-0.093,9.854,8.72
04-10,-0.02000000000000005,49.540000200000094,0.7446315154396081,-0.0,42.0,-0.84,-0.065,9.96,9.12
04-11,-0.011538469230769212,34.021169226923035,0.8135330043961142,-0.0,42.0,-0.485,-0.036,11.187,10.702
04-12,0.0,11.3,0.7446315154396081,0.0,42.0,0.0,0.0,11.3,11.3
04-13,0.034499980000000006,-56.88271001000002,0.9373320419227238,0.0,42.0,1.449,0.095,11.393,12.842
04-14,0.03333333333333333,-53.75,0.9552145926892925,0.0,42.0,1.4,0.084,12.217,13.617
04-15,0.03333346666666692,-53.50026660000051,0.9731197167307599,0.0,42.0,1.4,0.077,12.467,13.867
04-16,0.054054064864864894,-92.68110319729735,0.8310096580691151,0.0,42.0,2.27,0.113,14.292,16.562
04-17,0.06129032258064517,-105.44999950000002,0.7961487032320338,0.0,42.0,2.574,0.118,15.844,18.418
04-18,0.08124999166666665,-144.50935833749998,0.761689952058004,0.0,42.0,3.413,0.141,16.284,19.697
04-19,0.10000013333333335,-180.35026710000005,0.6777161122500928,0.0,42.0,4.2,0.157,17.55,21.75
04-20,0.15384615384615385,-286.4653851153846,0.5975679869340738,0.0,42.0,6.462,0.219,17.996,24.458
04-21,0.19047619047619047,-352.2571423571428,0.5667605869699317,0.0,42.0,8.0,0.248,24.695,32.695
04-22,0.18333333333333332,-335.575,0.6777161122500928,0.0,42.0,7.7,0.22,27.242,34.942
04-23,0.18333327777777775,-330.62488791666664,0.8135330043961142,0.0,42.0,7.7,0.203,32.192,39.892
04-24,0.02000000000000005,-1.2899990000001011,0.9373320419227238,0.0,42.0,0.84,0.02,38.29,39.13
04-25,-0.018918918918918948,79.22837787837844,0.9552145926892925,-0.0,42.0,-0.795,-0.017,41.788,40.993
04-26,0.0,45.0,0.9731197167307599,0.0,42.0,0.0,0.0,45.0,45.0
04-27,-0.08000040000000012,208.36079930000022,0.8310096580691151,-0.0,42.0,-3.36,-0.063,50.04,46.68
04-28,-0.10909063636363601,270.0267294090902,0.6777161122500928,-0.0,42.0,-4.581,-0.081,54.136,49.555
04-29,-0.15199996,360.2239190199999,0.6451505807102356,-0.0,42.0,-6.384,-0.105,59.416,53.032
04-30,-0.1892858571428572,440.827071857143,0.4517264720866896,-0.0,42.0,-7.95,-0.122,66.23,58.28
05-01,-0.07142857142857142,210.37142807142857,0.6777161122500928,-0.0,42.0,-3.0,-0.043,69.014,66.014
05-02,-0.08947373684210529,251.40273681578952,0.7961487032320338,-0.0,42.0,-3.758,-0.051,74.334,70.576
05-03,-0.2857142857142857,641.7857162857143,0.4383374552726653,-0.0,42.0,-12.0,-0.158,76.357,64.357
05-04,-0.32222216666666664,722.03322225,0.3067305590248952,-0.0,42.0,-13.534,-0.17,84.356,70.822
05-05,-0.2571428571428571,594.6571428571428,0.22084614564234606,-0.0,42.0,-10.8,-0.131,85.771,74.971
05-06,-0.08888922222222265,256.5839983333342,0.41225516799167616,-0.0,42.0,-3.733,-0.044,80.672,76.939
05-07,-0.05897443589743599,196.91938457692328,0.36293485816471427,-0.0,42.0,-2.477,-0.029,80.209,77.732
05-08,-0.15517241379310345,390.6672433793104,0.5820690716517367,-0.0,42.0,-6.517,-0.076,83.581,77.064
05-09,-0.2222222222222222,530.7333348333333,0.7276974359007813,-0.0,42.0,-9.334,-0.106,90.956,81.622
05-10,-0.27142878571428597,634.4718570357147,0.6942324524938992,-0.0,42.0,-11.4,-0.128,97.314,85.914
05-11,-0.4166666666666667,924.125,0.5975679869340738,-0.0,42.0,-17.5,-0.193,99.542,82.042
05-12,-0.5388889444444445,1168.6584419166668,0.5220292746208863,-0.0,42.0,-22.633,-0.243,102.197,79.564
05-13,-0.5266664999999998,1143.7196642499998,0.4791861756075628,-0.0,42.0,-22.12,-0.237,101.447,79.327
05-14,-0.4838709677419355,1056.9000015000001,0.4517264720866896,-0.0,42.0,-20.322,-0.219,99.319,78.997
05-15,-0.5947370000000002,1275.3766325000004,0.4791861756075628,-0.0,42.0,-24.979,-0.27,98.392,73.413
05-16,-0.47600008000000005,1034.66216146,0.4517264720866896,-0.0,42.0,-19.992,-0.219,92.658,72.666
05-17,-0.48,1040.8099995,0.6291146665070553,-0.0,42.0,-20.16,-0.223,90.89,70.73
05-18,-0.4315787368421052,942.8416818157892,0.6132517855744677,-0.0,42.0,-18.126,-0.203,88.747,70.621
05-19,-0.4217389999999998,922.6171284999997,0.661353237644444,-0.0,42.0,-17.713,-0.201,87.996,70.283
05-20,-0.44999964285714256,976.5242858928566,0.6451505807102356,-0.0,42.0,-18.9,-0.217,85.975,67.075
05-21,-0.32702697297297295,729.0904334594594,0.7276974359007813,-0.0,42.0,-13.735,-0.16,81.904,68.169
05-22,-0.2666663333333332,608.0493359999998,0.9016705385876072,-0.0,42.0,-11.2,-0.134,80.317,69.117
05-23,-0.24285728571428575,558.6931452857143,0.7961487032320338,-0.0,42.0,-10.2,-0.126,78.079,67.879
05-24,-0.21304356521739135,497.880606152174,0.883909392651155,-0.0,42.0,-8.947,-0.113,76.267,67.32
05-25,-0.21199996,491.54392151999997,0.8310096580691151,-0.0,42.0,-8.904,-0.116,71.996,63.092
05-26,-0.19999974999999992,464.29950162499983,0.8662064065863087,-0.0,42.0,-8.4,-0.112,68.5,60.1
05-27,-0.03103455172413795,125.25358667241383,0.7788649901956481,-0.0,42.0,-1.303,-0.018,63.836,62.533
05-28,0.0,60.8999995,0.661353237644444,0.0,42.0,0.0,0.0,60.9,60.9
05-29,0.035293999999999964,-12.320352999999933,0.5820690716517367,0.0,42.0,1.483,0.022,57.526,59.009
05-30,0.19444444444444445,-330.69166616666666,0.37490496599151024,0.0,42.0,8.167,0.124,54.114,62.281
05-31,0.22777766666666663,-398.5914439999999,0.3067305590248952,0.0,42.0,9.566,0.149,52.181,61.747
06-01,0.21333340000000003,-371.8101333000001,0.3512068945263751,0.0,42.0,8.96,0.143,50.377,59.337
06-02,0.3181818181818182,-581.4545454545454,0.12944056809503612,0.0,42.0,13.364,0.216,48.227,61.591
06-03,0.31000005,-565.4950994750001,0.19647045178774425,0.0,42.0,13.02,0.21,47.995,61.015
06-04,0.29444438888888885,-536.5415545833332,0.24731745742367428,0.0,42.0,12.367,0.204,46.164,58.531
06-05,0.2999998823529411,-550.0997647647057,0.2043665291857466,0.0,42.0,12.6,0.216,43.6,56.2
06-06,0.29999995238095234,-551.7499042857143,0.12385910748901896,0.0,42.0,12.6,0.226,41.95,54.55
06-07,0.31764717647058827,-587.8855293529413,0.16711655519767832,0.0,42.0,13.341,0.25,40.738,54.079
06-08,0.29062512500000004,-533.3049359375001,0.17412614678904337,0.0,42.0,12.206,0.239,41.842,54.048
06-09,0.23125006250000002,-414.78449946875,0.22084614564234606,0.0,42.0,9.713,0.199,42.859,52.572
06-10,0.22307707692307696,-399.49261630769234,0.21249096477133422,0.0,42.0,9.369,0.199,41.977,51.346
06-11,0.27187503125,-498.564125984375,0.153736718174466,0.0,42.0,11.418,0.246,39.477,50.895
06-12,0.2961538846153846,-549.2096912884615,0.10339115177329683,0.0,42.0,12.438,0.274,36.879,49.317
06-13,0.24285728571428575,-444.4431432857143,0.0942173452500632,1.0,42.0,10.2,0.232,36.171,46.371
06-14,0.24705858823529403,-453.8436476764704,0.09871919773605664,1.0,42.0,10.377,0.246,35.085,45.462
06-15,0.21470585294117647,-390.0043539558823,0.153736718174466,0.0,42.0,9.017,0.221,34.899,43.916
06-16,0.15714280952380952,-274.8070481428571,0.22084614564234606,0.0,42.0,6.6,0.162,36.179,42.779
06-17,0.11666662499999998,-194.92491868749997,0.317483551310608,0.0,42.0,4.9,0.12,35.958,40.858
06-18,0.10588235294117651,-175.21176470588244,0.3995666898442778,0.0,42.0,4.447,0.112,34.329,38.776
06-19,0.1285713571428571,-221.8784301071428,0.36293485816471427,0.0,42.0,5.4,0.141,32.564,37.964
06-20,0.10606060606060606,-178.06818181818184,0.36293485816471427,0.0,42.0,4.454,0.119,31.826,36.28
06-21,0.09166691666666675,-150.98800087500018,0.37490496599151024,0.0,42.0,3.85,0.106,30.421,34.271
06-22,0.06000009999999989,-89.37019994999977,0.5667605869699317,0.0,42.0,2.52,0.072,29.37,31.89
06-23,0.04999995833333326,-69.47491668749986,0.6451505807102356,0.0,42.0,2.1,0.061,29.475,31.575
06-24,0.026923115384615396,-24.332769211538483,0.6942324524938992,0.0,42.0,1.131,0.034,28.948,30.079
06-25,0.032142821428571465,-34.719571446428645,0.7276974359007813,0.0,42.0,1.35,0.042,28.891,30.241
06-26,0.05454550000000002,-79.51372825000004,0.6291146665070553,0.0,42.0,2.291,0.071,28.432,30.723
06-27,0.05555555555555555,-81.23333383333333,0.5667605869699317,0.0,42.0,2.333,0.074,28.711,31.044
06-28,0.09999949999999913,-169.89900124999826,0.46534374401080925,0.0,42.0,4.2,0.135,28.0,32.2
06-29,0.08333333333333333,-137.975,0.5516478210183582,0.0,42.0,3.5,0.112,26.942,30.442
06-30,0.07878790909090906,-129.68642472727268,0.6451505807102356,0.0,42.0,3.309,0.108,26.235,29.544
07-01,0.07600008000000003,-125.31215996000006,0.6132517855744677,0.0,42.0,3.192,0.106,25.092,28.284
07-02,0.08000000000000007,-134.11000050000013,0.5367357981091128,0.0,42.0,3.36,0.113,24.21,27.57
07-03,0.08333333333333333,-141.27499949999998,0.5820690716517367,0.0,42.0,3.5,0.119,23.642,27.142
07-04,0.047222222222222304,-70.4708338333335,0.761689952058004,0.0,42.0,1.983,0.068,22.982,24.965
07-05,0.01666672222222232,-10.075111083333525,0.8662064065863087,0.0,42.0,0.7,0.024,22.908,23.608
07-06,-0.02500012500000004,72.78774893750008,0.9373320419227238,-0.0,42.0,-1.051,-0.037,23.313,22.262
07-07,-0.03333329166666665,88.69991568749997,0.761689952058004,-0.0,42.0,-1.4,-0.049,22.733,21.333
07-08,-0.05151512121212116,126.55448536363626,0.7961487032320338,-0.0,42.0,-2.164,-0.076,24.606,22.442
07-09,-0.061538538461538596,145.24630765384643,0.8310096580691151,-0.0,42.0,-2.585,-0.09,23.462,20.877
07-10,-0.081818090909091,184.69527227272746,0.6942324524938992,-0.0,42.0,-3.436,-0.122,22.777,19.341
07-11,-0.13076923076923072,282.6730769230768,0.4383374552726653,-0.0,42.0,-5.493,-0.195,23.881,18.388
07-12,-0.16363633333333336,347.64084800000006,0.4517264720866896,-0.0,42.0,-6.873,-0.245,23.805,16.932
07-13,-0.14722225,313.470889375,0.4251795087510768,-0.0,42.0,-6.183,-0.228,22.118,15.935
07-14,-0.13939393939393932,297.01818231818163,0.3995666898442778,-0.0,42.0,-5.855,-0.223,21.158,15.303
07-15,-0.14705882352941177,311.6941181470589,0.36293485816471427,-0.0,42.0,-6.177,-0.243,20.665,14.488
07-16,-0.12999999999999998,277.0850005,0.4932503912028541,-0.0,42.0,-5.46,-0.221,19.815,14.355
07-17,-0.12399996000000002,264.53791952000006,0.4932503912028541,-0.0,42.0,-5.208,-0.218,19.142,13.934
07-18,-0.13181818181818183,279.87045504545455,0.3995666898442778,-0.0,42.0,-5.536,-0.24,19.002,13.466
07-19,-0.14444444444444451,304.6666666666668,0.4383374552726653,-0.0,42.0,-6.067,-0.269,18.811,12.744
07-20,-0.19411764705882348,404.1382357941176,0.3512068945263751,-0.0,42.0,-8.153,-0.368,19.979,11.826
07-21,-0.20566667333333333,427.08051333,0.33972197352938505,-0.0,42.0,-8.638,-0.399,20.066,11.428
07-22,-0.2370588058823529,489.3490823617646,0.22084614564234606,-0.0,42.0,-9.957,-0.468,20.21,10.253
07-23,-0.23333333333333328,481.54999999999984,0.18880018541004562,-0.0,42.0,-9.8,-0.469,19.783,9.983
07-24,-0.2323529411764706,479.18970588235294,0.1352154124488678,-0.0,42.0,-9.759,-0.477,19.363,9.604
07-25,-0.22058823529411764,455.2661764705882,0.11846727616685726,-0.0,42.0,-9.265,-0.455,18.722,9.457
07-26,-0.19999999999999998,413.99999999999994,0.11846727616685726,-0.0,42.0,-8.4,-0.412,18.2,9.8
07-27,-0.15100002000000004,315.4745399900001,0.18880018541004562,-0.0,42.0,-6.343,-0.302,16.646,10.303
07-28,-0.13307692307692312,279.8873076923078,0.18135303115367463,-0.0,42.0,-5.589,-0.262,16.528,10.939
07-29,-0.137037037037037,287.6055555555555,0.11846727616685726,-0.0,42.0,-5.755,-0.263,16.409,10.654
07-30,-0.13333333333333333,280.2,0.153736718174466,-0.0,42.0,-5.6,-0.249,16.333,10.733
07-31,-0.13874996249999993,290.6305500187499,0.153736718174466,-0.0,42.0,-5.827,-0.264,16.044,10.217
08-01,-0.13333338888888888,279.20011108333335,0.2043665291857466,-0.0,42.0,-5.6,-0.257,15.333,9.733
08-02,-0.11799993999999998,248.09088002999997,0.18880018541004562,-0.0,42.0,-4.956,-0.227,14.569,9.613
08-03,-0.14703702962962964,306.2005407444445,0.12944056809503612,-0.0,42.0,-6.175,-0.287,15.214,9.039
08-04,-0.1387499499999999,289.38052502499977,0.11846727616685726,-0.0,42.0,-5.827,-0.281,14.794,8.967
08-05,-0.11666666666666667,245.725,0.10823718866402143,-0.0,42.0,-4.9,-0.247,14.842,9.942
08-06,-0.13933332666666667,290.74698667,0.08988158946826497,-1.0,42.0,-5.852,-0.304,15.006,9.154
08-07,-0.1564,324.8718,0.07783064222038116,-1.0,42.0,-6.569,-0.348,15.356,8.787
08-08,-0.15542856571428568,322.5294171457142,0.10823718866402143,-0.0,42.0,-6.528,-0.337,14.936,8.408
08-09,-0.16857142857142857,348.6585714285714,0.07411898766808678,-1.0,42.0,-7.08,-0.372,15.056,7.976
08-10,-0.1683333388888889,347.93251110833336,0.05200102143353713,-1.0,42.0,-7.07,-0.372,14.801,7.731
08-11,-0.17857142857142858,368.55357142857144,0.03771778264913328,-2.0,42.0,-7.5,-0.399,15.161,7.661
08-12,-0.178333325,368.17748333749995,0.03983607406591694,-2.0,42.0,-7.49,-0.414,15.256,7.766
08-13,-0.1731578736842105,357.17916843157894,0.042054462810222626,-2.0,42.0,-7.273,-0.417,14.5,7.227
08-14,-0.1972727303030303,405.1468242409091,0.03017664282469723,-2.0,42.0,-8.285,-0.486,14.744,6.459
08-15,-0.20111112777777784,412.6216999916668,0.033767571415649345,-2.0,42.0,-8.447,-0.495,14.623,6.176
08-16,-0.19861111111111113,407.4729166666667,0.033767571415649345,-2.0,42.0,-8.342,-0.491,14.422,6.08
08-17,-0.18640001199999998,383.00682399399994,0.042054462810222626,-2.0,42.0,-7.829,-0.466,14.121,6.292
08-18,-0.17027777777777775,350.2904166666666,0.03771778264913328,-2.0,42.0,-7.152,-0.438,13.311,6.159
08-19,-0.15777778888888883,324.8866887333332,0.049346085963436925,-2.0,42.0,-6.626,-0.419,12.644,6.018
08-20,-0.12599999999999997,261.28700039999995,0.05200102143353713,-1.0,42.0,-5.292,-0.34,11.933,6.641
08-21,-0.104374990625,218.13279370468751,0.08988158946826497,-1.0,42.0,-4.384,-0.282,11.575,7.191
08-22,-0.09736841578947365,203.97314722105259,0.11846727616685726,-0.0,42.0,-4.089,-0.266,11.281,7.192
08-23,-0.08999999333333329,189.00998651999993,0.12944056809503612,-0.0,42.0,-3.78,-0.251,10.9,7.12
08-24,-0.0919354806451613,192.4399933,0.11326125914478813,-0.0,42.0,-3.862,-0.263,10.5,6.638
08-25,-0.0978571357142857,203.99534281071425,0.09871919773605664,-1.0,42.0,-4.11,-0.286,10.336,6.226
08-26,-0.09649999499999998,201.22173995249997,0.1352154124488678,-0.0,42.0,-4.053,-0.282,10.248,6.195
08-27,-0.08833332916666665,184.83749156874998,0.17412614678904337,-0.0,42.0,-3.71,-0.258,10.026,6.316
08-28,-0.09599998400000001,199.92196800800002,0.1603211528324091,-0.0,42.0,-4.032,-0.286,9.938,5.906
08-29,-0.084999975,177.6924499125,0.19647045178774425,-0.0,42.0,-3.569,-0.26,9.477,5.908
08-30,-0.06529412941176471,138.04561175882353,0.32848073232961217,-0.0,42.0,-2.743,-0.206,8.829,6.086
08-31,-0.0688888888888889,145.23833343333337,0.36293485816471427,-0.0,42.0,-2.893,-0.224,8.907,6.014
09-01,-0.0684212631578948,144.19331568421066,0.3995666898442778,-0.0,42.0,-2.874,-0.227,8.788,5.914
09-02,-0.0725806451612903,152.63499999999996,0.3995666898442778,-0.0,42.0,-3.048,-0.242,8.998,5.95
09-03,-0.07647058823529411,160.30294127647056,0.3995666898442778,-0.0,42.0,-3.212,-0.25,8.968,5.756
09-04,-0.07299997999999999,153.74346000999998,0.38711605416916584,-0.0,42.0,-3.065,-0.236,9.276,6.211
09-05,-0.08366666666666665,174.99650019999999,0.507532735474822,-0.0,42.0,-3.514,-0.266,9.42,5.906
09-06,-0.10809522380952381,223.81140020714287,0.37490496599151024,-0.0,42.0,-4.54,-0.341,9.891,5.351
09-07,-0.109,225.7404998,0.36293485816471427,-0.0,42.0,-4.578,-0.345,10.029,5.451
09-08,-0.10439999599999998,216.58779190199996,0.46534374401080925,-0.0,42.0,-4.385,-0.334,9.98,5.595
09-09,-0.10999998571428561,228.2799714857141,0.36293485816471427,-0.0,42.0,-4.62,-0.354,10.59,5.97
09-10,-0.13347825652173909,274.8497739652173,0.317483551310608,-0.0,42.0,-5.606,-0.428,10.696,5.09
09-11,-0.121999996,252.788991902,0.29622163753056174,-0.0,42.0,-5.124,-0.393,11.351,6.227
09-12,-0.11200000666666667,233.23401378,0.27593433728642713,-0.0,42.0,-4.704,-0.365,11.586,6.882
09-13,-0.11428578571428563,237.67942848571414,0.3067305590248952,-0.0,42.0,-4.8,-0.374,11.508,6.708
09-14,-0.1,209.34499995000002,0.37490496599151024,-0.0,42.0,-4.2,-0.323,11.445,7.245
09-15,-0.09239999599999997,194.50879160199992,0.5367357981091128,-0.0,42.0,-3.881,-0.292,11.649,7.768
09-16,-0.07090911363636368,151.69277286590918,0.5820690716517367,-0.0,42.0,-2.979,-0.213,11.364,8.385
09-17,-0.06800003000000002,145.71605998500004,0.6132517855744677,-0.0,42.0,-2.856,-0.196,11.144,8.288
09-18,-0.05941175588235293,128.3238061367647,0.6451505807102356,-0.0,42.0,-2.495,-0.17,10.748,8.253
09-19,-0.0516129032258065,112.76000045000009,0.5820690716517367,-0.0,42.0,-2.168,-0.148,10.618,8.45
09-20,-0.08999994285714281,189.84488589285706,0.4517264720866896,-0.0,42.0,-3.78,-0.244,11.735,7.955
09-21,-0.11666665714285712,243.4249809571428,0.4517264720866896,-0.0,42.0,-4.9,-0.305,12.542,7.642
09-22,-0.1066666666666667,225.18000000000006,0.46534374401080925,-0.0,42.0,-4.48,-0.272,14.087,9.607
09-23,-0.1111111111111111,234.51666666666665,0.4517264720866896,-0.0,42.0,-4.667,-0.272,14.628,9.961
09-24,-0.08347825217391305,180.11476522173916,0.5367357981091128,-0.0,42.0,-3.506,-0.201,14.911,11.405
09-25,-0.0931034482758621,199.36034482758626,0.6291146665070553,-0.0,42.0,-3.911,-0.223,15.109,11.198
09-26,-0.06470588235294115,143.52941176470583,0.6777161122500928,-0.0,42.0,-2.717,-0.154,15.476,12.759
09-27,-0.043333333333333356,100.64500000000005,0.7788649901956481,-0.0,42.0,-1.82,-0.103,14.888,13.068
09-28,-0.060000000000000005,134.32000000000002,0.7788649901956481,-0.0,42.0,-2.52,-0.141,15.58,13.06
09-29,-0.07388888333333332,162.140822225,0.6777161122500928,-0.0,42.0,-3.104,-0.173,15.915,12.811
09-30,-0.07058829411764708,156.14129408823536,0.6777161122500928,-0.0,42.0,-2.965,-0.163,16.447,13.482
10-01,-0.07666667499999998,169.94501666249997,0.7446315154396081,-0.0,42.0,-3.22,-0.171,18.222,15.002
10-02,-0.10500004999999994,226.6475994749999,0.5667605869699317,-0.0,42.0,-4.411,-0.225,18.853,14.442
10-03,-0.11636363636363635,249.2690914090909,0.5820690716517367,-0.0,42.0,-4.887,-0.248,18.985,14.098
10-04,-0.1285713571428571,274.5284281071428,0.5975679869340738,-0.0,42.0,-5.4,-0.267,20.086,14.686
10-05,-0.10000000000000024,218.2000000000005,0.5975679869340738,-0.0,42.0,-4.2,-0.201,20.3,16.1
10-06,-0.10000000000000006,219.45000000000013,0.6451505807102356,-0.0,42.0,-4.2,-0.192,21.55,17.35
10-07,-0.07769230769230771,175.0957692307693,0.6942324524938992,-0.0,42.0,-3.263,-0.144,21.343,18.08
10-08,-0.07599998000000001,171.21196001,0.6777161122500928,-0.0,42.0,-3.192,-0.138,20.808,17.616
10-09,-0.09600002000000002,210.65204099000005,0.6451505807102356,-0.0,42.0,-4.032,-0.17,20.668,16.636
10-10,-0.09285713333333331,204.16783809999995,0.7108952874500365,-0.0,42.0,-3.9,-0.16,20.404,16.504
10-11,-0.12185187037037036,261.8428143055555,0.6132517855744677,-0.0,42.0,-5.118,-0.208,20.698,15.58
10-12,-0.12999997500000005,277.98495001250006,0.6942324524938992,-0.0,42.0,-5.46,-0.218,20.715,15.255
10-13,-0.11034482758620687,238.73448225862063,0.6942324524938992,-0.0,42.0,-4.634,-0.182,20.362,15.728
10-14,-0.11935483870967739,256.4,0.6291146665070553,-0.0,42.0,-5.013,-0.193,20.197,15.184
10-15,-0.13136363181818178,280.3115823204545,0.507532735474822,-0.0,42.0,-5.517,-0.21,20.343,14.826
10-16,-0.11468751562500001,247.1176874921875,0.5220292746208863,-0.0,42.0,-4.817,-0.183,20.151,15.334
10-17,-0.12857171428571437,275.2791422142859,0.5516478210183582,-0.0,42.0,-5.4,-0.201,20.836,15.436
10-18,-0.13157894736842105,282.9921052631579,0.4791861756075628,-0.0,42.0,-5.526,-0.199,22.597,17.071
10-19,-0.17142864285714282,364.82157139285704,0.46534374401080925,-0.0,42.0,-7.2,-0.255,25.564,18.364
10-20,-0.21428571428571427,450.8142852142857,0.507532735474822,-0.0,42.0,-9.0,-0.315,26.743,17.743
10-21,-0.22727272727272727,477.08181818181816,0.4251795087510768,-0.0,42.0,-9.545,-0.331,27.309,17.764
10-22,-0.23636363636363633,496.1090909090908,0.3512068945263751,-0.0,42.0,-9.927,-0.344,28.345,18.418
10-23,-0.2299999666666667,483.2849333500001,0.3995666898442778,-0.0,42.0,-9.66,-0.335,28.115,18.455
10-24,-0.2785714321428571,580.1535790696428,0.37490496599151024,-0.0,42.0,-11.7,-0.406,28.861,17.161
10-25,-0.3272727272727272,678.3818181818181,0.33972197352938505,-0.0,42.0,-13.745,-0.474,30.709,16.964
10-26,-0.319047619047619,662.0857137857142,0.36293485816471427,-0.0,42.0,-13.4,-0.458,30.69,17.29
10-27,-0.34210526315789486,708.3394736842107,0.317483551310608,-0.0,42.0,-14.368,-0.494,31.313,16.945
10-28,-0.3400002000000001,703.5803999000002,0.28595642810117994,-0.0,42.0,-14.28,-0.492,30.72,16.44
10-29,-0.3250000000000002,673.3875005000003,0.3512068945263751,-0.0,42.0,-13.65,-0.471,30.213,16.563
10-30,-0.32961538076923075,682.0159548480768,0.3995666898442778,-0.0,42.0,-13.844,-0.477,29.707,15.863
10-31,-0.3065384576923077,636.0236461557693,0.4251795087510768,-0.0,42.0,-12.875,-0.438,29.384,16.509
11-01,-0.30000000000000004,624.0499995,0.4383374552726653,-0.0,42.0,-12.6,-0.429,30.35,17.75
11-02,-0.25,523.575,0.4517264720866896,-0.0,42.0,-10.5,-0.36,28.825,18.325
11-03,-0.2692307692307692,562.976922576923,0.38711605416916584,-0.0,42.0,-11.307,-0.384,30.169,18.862
11-04,-0.29999996551724134,624.1499310517241,0.22943429057595655,-0.0,42.0,-12.6,-0.429,30.45,17.85
11-05,-0.3011111074074075,626.0216602611113,0.27593433728642713,-0.0,42.0,-12.647,-0.438,30.123,17.476
11-06,-0.28749987499999996,597.8059995624999,0.27593433728642713,-0.0,42.0,-12.075,-0.427,28.844,16.769
11-07,-0.26933334,561.63201283,0.3067305590248952,-0.0,42.0,-11.312,-0.41,28.621,17.309
11-08,-0.283871,590.9500645,0.23825744188756026,-0.0,42.0,-11.922,-0.44,29.169,17.247
11-09,-0.24615373076923072,515.4843836730769,0.266154543300259,-0.0,42.0,-10.338,-0.386,28.346,18.008
11-10,-0.2391304347826087,500.7413038478261,0.3067305590248952,-0.0,42.0,-10.043,-0.384,27.502,17.459
11-11,-0.2600000000000001,542.6700005000002,0.27593433728642713,-0.0,42.0,-10.92,-0.429,28.13,17.21
11-12,-0.24555555185185188,514.1883259277779,0.266154543300259,-0.0,42.0,-10.313,-0.414,28.234,17.921
11-13,-0.21212124242424246,446.2364237272728,0.317483551310608,-0.0,42.0,-8.909,-0.364,26.448,17.539
11-14,-0.2,420.850001,0.4251795087510768,-0.0,42.0,-8.4,-0.347,25.05,16.65
11-15,-0.16153842307692307,343.6460764423077,0.4932503912028541,-0.0,42.0,-6.785,-0.284,23.962,17.177
11-16,-0.15000004545454546,320.12509038636364,0.4383374552726653,-0.0,42.0,-6.3,-0.27,23.275,16.975
11-17,-0.15555555555555559,331.4833333333334,0.4383374552726653,-0.0,42.0,-6.533,-0.285,23.639,17.106
11-18,-0.10714285714285714,234.83214335714285,0.4791861756075628,-0.0,42.0,-4.5,-0.197,22.796,18.296
11-19,-0.11250006250000011,245.24387546875022,0.46534374401080925,-0.0,42.0,-4.725,-0.209,22.606,17.881
11-20,-0.10526315789473684,230.4236837105263,0.4791861756075628,-0.0,42.0,-4.421,-0.197,22.108,17.687
11-21,-0.0967741935483871,213.15000049999998,0.4517264720866896,-0.0,42.0,-4.065,-0.181,21.634,17.569
11-22,-0.1225806774193549,265.2000650000001,0.507532735474822,-0.0,42.0,-5.148,-0.229,22.613,17.465
11-23,-0.125,268.8374995,0.4251795087510768,-0.0,42.0,-5.25,-0.238,21.462,16.212
11-24,-0.17999999999999972,378.7600004999995,0.29622163753056174,-0.0,42.0,-7.56,-0.352,22.54,14.98
11-25,-0.1388888888888889,296.30833383333334,0.4383374552726653,-0.0,42.0,-5.833,-0.268,21.447,15.614
11-26,-0.1,218.4,0.6942324524938992,-0.0,42.0,-4.2,-0.194,20.5,16.3
11-27,-0.09411752941176467,206.38800005882345,0.661353237644444,-0.0,42.0,-3.953,-0.184,20.129,16.176
11-28,-0.07499993749999989,168.66237503124978,0.7788649901956481,-0.0,42.0,-3.149,-0.148,20.237,17.088
11-29,-0.08125000000000004,180.90937450000007,0.6291146665070553,-0.0,42.0,-3.413,-0.163,20.116,16.703
11-30,-0.08571428571428566,189.68571428571417,0.6132517855744677,-0.0,42.0,-3.6,-0.175,20.057,16.457
12-01,-0.10909090909090911,236.22727322727278,0.6132517855744677,-0.0,42.0,-4.581,-0.229,20.336,15.755
12-02,-0.11052634210526317,238.9474210394737,0.507532735474822,-0.0,42.0,-4.642,-0.237,20.216,15.574
12-03,-0.09500004999999997,207.55259947499997,0.5367357981091128,-0.0,42.0,-3.991,-0.207,19.548,15.557
12-04,-0.08461540000000002,186.33849280000004,0.507532735474822,-0.0,42.0,-3.554,-0.189,18.885,15.331
12-05,-0.08142857500000002,179.66643621250003,0.5516478210183582,-0.0,42.0,-3.42,-0.187,18.519,15.099
12-06,-0.06521739130434782,147.30217341304348,0.5820690716517367,-0.0,42.0,-2.739,-0.154,18.237,15.498
12-07,-0.06333335333333337,143.28503999000006,0.5667605869699317,-0.0,42.0,-2.66,-0.153,17.948,15.288
12-08,-0.058333333333333424,132.83749950000018,0.5516478210183582,-0.0,42.0,-2.45,-0.144,17.396,14.946
12-09,-0.055714299999999994,127.30074284999999,0.5516478210183582,-0.0,42.0,-2.34,-0.141,17.042,14.702
12-10,-0.039393909090909084,94.76812122727272,0.6777161122500928,-0.0,42.0,-1.655,-0.102,16.808,15.153
12-11,-0.03333329999999998,82.44993334999995,0.6451505807102356,-0.0,42.0,-1.4,-0.088,16.483,15.083
12-12,-0.02653844615384616,68.6136230846154,0.6777161122500928,-0.0,42.0,-1.115,-0.072,16.094,14.979
12-13,-0.030555555555555544,76.14583333333331,0.6291146665070553,-0.0,42.0,-1.283,-0.084,15.676,14.393
12-14,-0.02499991666666664,64.78733337499995,0.661353237644444,-0.0,42.0,-1.049,-0.07,15.312,14.263
12-15,-0.04999999999999982,114.32499999999965,0.5367357981091128,-0.0,42.0,-2.1,-0.143,15.375,13.275
12-16,-0.05555555555555555,124.98333333333333,0.5667605869699317,-0.0,42.0,-2.333,-0.163,15.039,12.706
12-17,-0.041666666666666664,96.8125,0.5820690716517367,-0.0,42.0,-1.75,-0.125,14.354,12.604
12-18,-0.03666666666666665,86.61499999999997,0.5667605869699317,-0.0,42.0,-1.54,-0.112,14.052,12.512
12-19,-0.03266665333333331,78.31697333999995,0.5975679869340738,-0.0,42.0,-1.372,-0.102,13.67,12.298
12-20,-0.025000035714285725,62.73757141071431,0.6132517855744677,-0.0,42.0,-1.051,-0.08,13.263,12.212
12-21,-0.021428514285714177,55.2463143142855,0.7276974359007813,-0.0,42.0,-0.9,-0.07,12.839,11.939
12-22,-0.014285714285714235,40.66428571428561,0.7961487032320338,-0.0,42.0,-0.6,-0.047,12.393,11.793
12-23,-0.013636363636363587,39.065909090908995,0.9910383984121822,-0.0,42.0,-0.573,-0.044,12.08,11.507
12-24,-0.00952380952380949,30.792857142857073,0.883909392651155,-0.0,42.0,-0.4,-0.032,11.945,11.545
12-25,-0.01250000000000003,36.49375000000006,1.0,-0.0,42.0,-0.525,-0.043,11.756,11.231
12-26,-0.018181818181818278,47.40454545454564,0.8485702914543127,-0.0,42.0,-0.764,-0.065,11.423,10.659
12-27,-0.01428571428571432,39.364285714285785,0.7961487032320338,-0.0,42.0,-0.6,-0.052,11.093,10.493
12-28,-0.016666666666666902,43.875000000000476,0.7108952874500365,-0.0,42.0,-0.7,-0.062,10.892,10.192
12-29,-0.02333332380952379,56.95498095714282,0.6942324524938992,-0.0,42.0,-0.98,-0.089,10.778,9.798
12-30,-0.026206903448275875,62.500703444827614,0.6291146665070553,-0.0,42.0,-1.1,-0.102,10.637,9.537
12-31,-0.026923076923076897,63.707692307692255,0.6132517855744677,-0.0,42.0,-1.131,-0.106,10.427,9.296
