,slp,intp,pvalue,pvalue_d,n,chg,chg_r,init,last
AB-05AA008,0.00708638287215391,-10.98933788895683,0.16660104574623197,0.0,40.0,0.276,0.087,3.035,3.311
AB-05AA023,0.002849868078139759,-3.3151707457896378,0.14201465590789875,0.0,30.0,0.082,0.035,2.325,2.407
AB-05AD003,0.01420539117030883,-25.993233409268417,0.12618937005006525,0.0,37.0,0.512,0.216,2.119,2.631
AB-05AD005,0.003925612963144424,-5.153394678513106,0.03149000776418445,2.0,37.0,0.142,0.053,2.615,2.757
AB-05BA002,-0.00591551927630665,13.09891860512592,0.059748196975380474,-1.0,30.0,-0.172,-0.135,1.357,1.185
AB-05BB001,0.005287559081617366,-8.72676149509526,0.0690695071512869,1.0,39.0,0.207,0.113,1.737,1.944
AB-05BL022,-0.0010382278625015507,3.294452878630173,0.09521877400519316,-1.0,37.0,-0.038,-0.031,1.24,1.202
AB-05DA007,0.0012020677544593928,-1.5293364210611295,0.139040853992411,0.0,37.0,0.043,0.049,0.85,0.893
AB-05DA009,-0.00021087210630112694,1.2408858064738266,0.2150721762105834,-0.0,38.0,-0.008,-0.01,0.824,0.816
AB-05DA010,-0.012789204905186582,26.29179183858934,0.0008157087597983071,-3.0,38.0,-0.473,-0.635,0.982,0.509
AB-07AA001,0.0047113781859360855,-8.656301940026358,0.06656626299141366,1.0,37.0,0.169,0.225,0.668,0.837
AB-07AA002,0.00158759426576855,-2.063892518336445,0.12453410709791934,0.0,39.0,0.062,0.056,1.078,1.14
AB-07CD001,-0.010145387495047257,24.35819511834668,0.08933679840268927,-1.0,40.0,-0.395,-0.097,4.28,3.885
AB-07GG001,-0.009225272504580257,20.01965706011471,0.23100995017035547,-0.0,36.0,-0.323,-0.202,1.763,1.44
AK-15072000,-0.055019293198692504,116.03467861057926,0.07768864010631041,-1.0,40.0,-2.145,-0.353,7.151,5.006
AK-15085100,-0.04087166929556615,90.66899645254257,0.07454653220396881,-1.0,39.0,-1.553,-0.172,9.784,8.231
AK-15129500,-0.12941401239893735,264.72334046127105,0.027085356543894615,-2.0,30.0,-3.753,-0.69,7.319,3.566
AK-15239050,-0.0008095274155213925,2.233291997415327,0.1658021686543294,-0.0,39.0,-0.03,-0.049,0.63,0.6
AK-15266300,-0.00692876247410825,15.743807669208056,0.03321082741567278,-2.0,40.0,-0.27,-0.142,2.032,1.762
AK-15290000,0.006810538875987572,-12.604626747346584,0.02137468312839297,2.0,34.0,0.266,0.269,0.873,1.139
AK-15292700,-0.001821118233548771,4.7275607852684285,0.210748045955239,-0.0,40.0,-0.071,-0.065,1.124,1.053
AK-15484000,0.0034327874240725176,-5.649916923587174,0.08933679840268927,1.0,40.0,0.133,0.11,1.144,1.277
AK-15493000,0.008657478320599953,-16.01659157168582,0.08050224231142356,1.0,40.0,0.337,0.262,1.117,1.454
AK-15511000,0.014031462261171043,-26.47179234421818,0.04897986950744804,2.0,40.0,0.548,0.349,1.296,1.844
AK-15896000,0.0,0.0,0.5,0.0,40.0,0.0,,0.0,0.0
AK-15908000,0.01820679782850604,-36.16975370803233,7.048093986217197e-07,3.0,36.0,0.638,2.522,-0.066,0.572
AL-02342933,-0.1506626002687628,325.4765951432057,0.11148914528843398,-0.0,32.0,-4.67,-0.187,27.315,22.645
AL-02361000,-0.2942901213885992,604.8710290890004,0.00016018651719144396,-3.0,40.0,-11.477,-0.686,22.471,10.994
AL-02363000,-0.41916207023440527,859.0879763895448,0.004750324034231737,-3.0,31.0,-12.575,-0.645,25.794,13.219
AL-02369800,-0.2666069665455107,546.5208092011412,0.0003123709832626139,-3.0,40.0,-10.398,-0.759,18.906,8.508
AL-02371500,-0.24572955244789205,510.97170959694483,0.003722266122313371,-3.0,40.0,-9.584,-0.482,24.673,15.089
AL-02372250,-0.22274168805099054,464.8272169549502,0.00873965790444861,-3.0,40.0,-8.687,-0.441,24.021,15.334
AL-02374500,-0.10757909724882228,228.7166708733273,0.014387219922848315,-2.0,40.0,-4.196,-0.306,15.818,11.622
AL-02408540,-0.006273598775822279,28.922097959976426,0.17651420680622976,-0.0,38.0,-0.232,-0.014,16.494,16.262
AL-02415000,-0.056753335018597445,131.09652538423313,0.1265326792164424,-0.0,32.0,-1.759,-0.1,18.384,16.625
AL-02422500,0.0195815138102404,-22.18322356007725,0.5,0.0,40.0,0.763,0.045,16.569,17.332
AL-02450250,-0.016796890744744494,50.6678036290829,0.20167765557077255,-0.0,40.0,-0.655,-0.038,17.427,16.772
AL-02464000,-0.058412259640000096,134.93238158419294,0.210748045955239,-0.0,40.0,-2.279,-0.125,19.335,17.056
AL-02464146,0.08160221468226961,-148.54265729020486,0.09015683549719944,1.0,33.0,2.856,0.194,13.193,16.049
AL-02464360,0.05050404555310375,-86.5351400214577,0.17711574081331788,0.0,31.0,1.516,0.104,13.816,15.332
AL-02465493,0.018734411917901348,-23.578860476614633,0.192710086316148,0.0,40.0,0.73,0.053,13.497,14.227
AL-02469800,0.003105798676678809,13.051106856502216,0.13041203721113082,0.0,40.0,0.122,0.006,19.197,19.319
AL-03574500,-0.11482805641771651,246.35170484492446,0.12295593578600916,-0.0,40.0,-4.478,-0.265,19.107,14.629
AR-07056000,0.12849702487646067,-240.00754183982517,0.17916874324648646,0.0,39.0,5.011,0.299,14.288,19.299
AR-07060710,0.02789079298171962,-38.287404448221196,0.12295593578600916,0.0,40.0,1.088,0.062,16.908,17.996
AR-07195800,-0.05295072195831603,117.41510743651385,0.1342254488262196,-0.0,40.0,-2.065,-0.178,12.626,10.561
AR-07196900,0.025593816123457774,-36.5224382010719,0.210748045955239,0.0,40.0,0.998,0.068,14.128,15.126
AR-07261000,0.13533326308419563,-252.6635173959683,0.10875660696370959,0.0,40.0,5.278,0.297,15.161,20.439
AR-07340300,0.06647736334970157,-118.57185788460245,0.21531597090532723,0.0,40.0,2.592,0.181,12.987,15.579
AR-07359610,-0.041318913789641074,96.19328102265673,0.16712915562017733,-0.0,30.0,-1.198,-0.089,14.01,12.812
AR-07362100,0.24132484143701274,-463.29029933962045,0.09241243323773363,1.0,40.0,9.411,0.495,14.292,23.703
AZ-09447800,0.024344682368712345,-37.557944357307626,0.19088903207652907,0.0,37.0,0.877,0.079,10.693,11.57
AZ-09480000,0.003857857935632907,-0.2702127000727552,0.23867498771626877,0.0,35.0,0.132,0.018,7.364,7.496
AZ-09484000,-0.6325287326380682,1281.0695987547895,0.014651104716546232,-2.0,30.0,-18.343,-1.329,22.97,4.627
AZ-09492400,0.10150047999916421,-191.97790020061137,0.008248848667334108,3.0,40.0,3.958,0.364,8.892,12.85
AZ-09494000,0.0884176398614356,-159.91593540729795,0.07768864010631038,1.0,40.0,3.448,0.205,15.063,18.511
AZ-09497800,-0.24789015990240662,510.9820733963231,0.014830959138182574,-2.0,38.0,-9.667,-0.615,20.407,10.74
AZ-09497980,-0.25470271562637165,528.4615963959754,0.06906950715128687,-1.0,39.0,-9.678,-0.501,24.15,14.472
AZ-09505200,-0.1552655810462824,337.34736239189476,0.12855586453178547,-0.0,34.0,-6.056,-0.227,30.077,24.021
AZ-09505350,-0.07098320345514833,176.92296614255315,0.20839290030237195,-0.0,40.0,-2.768,-0.079,36.447,33.679
AZ-09505800,-0.1803804090670084,384.8524638335538,0.12295593578600916,-0.0,40.0,-7.035,-0.289,27.88,20.845
AZ-09508300,-0.38074504208817234,782.9576264790536,0.03795894045663839,-2.0,40.0,-14.849,-0.674,29.463,14.614
AZ-09510200,-0.2956537255057074,616.1023658511555,0.05529856799556315,-1.0,40.0,-11.531,-0.457,31.004,19.473
AZ-09512280,-0.40118927379615754,821.8938227907561,0.021245330256260582,-2.0,38.0,-14.844,-0.753,27.138,12.294
AZ-09513780,-0.5989211089070483,1216.4224490929535,0.012855907970521139,-2.0,40.0,-23.358,-1.199,31.158,7.8
AZ-09535100,0.08369214519108661,-163.7337467528591,0.19352146390969205,0.0,37.0,3.013,0.886,1.893,4.906
BC-07EC002,0.0018493263481914825,-2.3370596855380477,0.17651420680622976,0.0,38.0,0.068,0.05,1.323,1.391
BC-07EE009,0.047456602294671475,-91.22243802831048,0.22738645131628035,0.0,35.0,1.709,0.487,2.694,4.403
BC-07FB001,0.0015982670429043433,-1.465167646766555,0.20036885439483385,0.0,38.0,0.059,0.034,1.698,1.757
BC-07FC003,-0.0031695320157695546,6.695595468634775,0.14330274472807006,-0.0,34.0,-0.108,-0.292,0.423,0.315
BC-08CD001,-0.005161499065875294,11.851016536281106,0.10970315538371483,-0.0,39.0,-0.201,-0.131,1.636,1.435
BC-08CG001,0.0023014063910745844,-3.2686492794457465,0.21637911523261544,0.0,39.0,0.087,0.065,1.286,1.373
BC-08DA005,0.0047757001470380925,-8.824931042768164,0.23496786349859794,0.0,38.0,0.177,0.248,0.626,0.803
BC-08ED001,0.006445187869134132,-11.131592710231653,0.1882817816708152,0.0,39.0,0.252,0.144,1.623,1.875
BC-08FB006,-0.005184384706192441,13.315320961751297,0.030855791831834806,-2.0,32.0,-0.181,-0.061,3.055,2.874
BC-08GA010,0.05430186433181603,-99.28101613978377,0.13041203721113082,0.0,40.0,2.118,0.229,8.182,10.3
BC-08GA061,0.17329768375640378,-334.11759956857014,0.015361236011695478,2.0,37.0,6.585,0.542,8.839,15.424
BC-08HA001,0.08576764226605031,-158.93528309447325,0.10536059473564324,0.0,40.0,3.345,0.268,10.799,14.144
BC-08HA003,0.13234099232845195,-251.0630554770612,0.0366514964452026,2.0,39.0,5.161,0.386,10.84,16.001
BC-08HB002,0.10128481280159361,-190.83525246797285,0.0366514964452026,2.0,39.0,3.848,0.331,9.709,13.557
BC-08HB008,-0.0007439060454048959,12.475826699039407,0.23997329745489576,-0.0,38.0,-0.029,-0.003,11.004,10.975
BC-08HB025,0.032693938416614325,-57.08776505041267,0.20959677468911053,0.0,31.0,0.981,0.117,7.908,8.889
BC-08HF004,0.07368195721014537,-138.92647765998896,0.04884651114430194,2.0,37.0,2.8,0.34,6.89,9.69
BC-08JB002,-0.0005471514600528067,4.079030374535762,0.15376283039132832,-0.0,38.0,-0.021,-0.007,2.996,2.975
BC-08JE001,-0.001289729955181581,5.756466266137139,0.24185134192944777,-0.0,36.0,-0.045,-0.014,3.204,3.159
BC-08KA009,0.003948405403892656,-6.638802408640451,0.16821105371564804,0.0,36.0,0.142,0.114,1.175,1.317
BC-08LA001,0.006002157243593971,-10.079597372306798,0.21163207070111706,0.0,39.0,0.228,0.119,1.799,2.027
BC-08LD001,0.009846568349105937,-17.331948436843298,0.236964994492103,0.0,37.0,0.375,0.16,2.154,2.529
BC-08LG016,0.03635312843225236,-70.58481978370365,0.07235562150755515,1.0,37.0,1.309,0.65,1.358,2.667
BC-08MA002,-0.008578208756769738,18.98236487456774,0.016488924873673424,-2.0,39.0,-0.334,-0.181,2.006,1.672
BC-08MB006,0.005987668546659239,-10.816463702359352,0.236964994492103,0.0,37.0,0.216,0.189,1.033,1.249
BC-08MG005,0.0031020345155587967,-3.5891943922096687,0.17611858514961165,0.0,37.0,0.118,0.045,2.55,2.668
BC-08MH006,0.163331819125245,-315.657541530618,0.024254201532085795,2.0,38.0,6.043,0.57,7.576,13.619
BC-08MH016,-0.01693032952571617,39.425678245425644,0.12453410709791937,-0.0,39.0,-0.644,-0.115,5.921,5.277
BC-08NB005,0.005064226616887383,-8.147373102555798,0.14599188355158327,0.0,40.0,0.197,0.1,1.875,2.072
BC-08NC004,-0.00422929487195488,9.525792093272441,0.014260400715893571,-2.0,35.0,-0.156,-0.145,1.156,1.0
BC-08ND013,0.01004669653828416,-18.35386823370059,0.11331275813712094,0.0,39.0,0.381,0.222,1.529,1.91
BC-08NE006,0.024701885419643986,-47.27702669547292,0.139040853992411,0.0,37.0,0.889,0.433,1.608,2.497
BC-08NE077,-0.018872182623530565,39.84621308797857,0.02775391401749883,-2.0,36.0,-0.66,-0.304,2.498,1.838
BC-08NF001,0.006638890942209718,-12.844232810883181,0.1026856761802748,0.0,39.0,0.252,0.6,0.294,0.546
BC-08NH005,0.012009178585390983,-21.666795896428123,0.1702143033345207,0.0,39.0,0.457,0.196,2.099,2.556
BC-08NH016,0.0264175544861506,-47.64365119658271,0.14937136357387215,0.0,38.0,0.978,0.19,4.663,5.641
BC-08NH084,0.061145492825936974,-117.62362750374874,0.07177275836896874,1.0,39.0,2.324,0.511,3.383,5.707
BC-08NH130,0.006842929805632892,-12.37722109370755,0.1582101734628995,0.0,38.0,0.253,0.196,1.165,1.418
BC-08NJ130,0.04225474972939925,-79.57027211714103,0.22592895169697635,0.0,39.0,1.606,0.331,4.052,5.658
BC-08NL007,0.058761970247244284,-113.94319306206758,0.0816585306853505,1.0,37.0,2.115,0.621,2.347,4.462
BC-08NL070,0.02217184557583126,-40.977485297880435,0.2443352099757119,0.0,35.0,0.798,0.242,2.901,3.699
BC-08NM174,-0.02440010121141757,51.69867311228815,0.07145233504627521,-1.0,34.0,-0.854,-0.285,3.411,2.557
BC-08NN015,0.02209139230776708,-42.40287106556544,0.04042024824654508,2.0,37.0,0.795,0.464,1.316,2.111
BC-08OA002,0.04271096984977862,-76.16032410118584,0.11399294770559076,0.0,37.0,1.623,0.177,8.365,9.988
BC-09AA006,-0.016255288393105825,35.524755923370414,0.0022433657177647164,-3.0,35.0,-0.618,-0.202,3.356,2.738
BC-09AE003,0.009435266340051658,-16.973869826499865,0.017267390285313933,2.0,37.0,0.358,0.191,1.699,2.057
BC-10BE004,0.006774587295475059,-11.88075796861857,0.019599125862532207,2.0,38.0,0.251,0.152,1.526,1.777
BC-10BE007,0.018666594667112405,-34.06413666440112,0.013991321587821182,2.0,39.0,0.709,0.219,2.877,3.586
BC-10CB001,0.005826517080142455,-10.070533600872176,0.134978964337701,0.0,36.0,0.204,0.131,1.46,1.664
BC-10CD001,0.00724559142965867,-13.576945923226157,0.01206619585968527,2.0,36.0,0.254,0.286,0.762,1.016
CA-09423350,-0.411214663010361,840.083091529698,0.0730272151772858,-1.0,38.0,-16.037,-0.896,26.289,10.252
CA-10258000,0.28964280021316074,-558.7198645460146,0.0034340084261810233,3.0,38.0,11.296,0.554,14.483,25.779
CA-10258500,0.07102375892916417,-116.9451074201834,0.2383795135814824,0.0,40.0,2.77,0.111,23.611,26.381
CA-10259000,-0.05346654751480922,121.96428552392611,0.13041203721113082,-0.0,40.0,-2.085,-0.138,16.154,14.069
CA-10259200,-0.22854711832582986,479.3004908666144,0.06832770515249248,-1.0,40.0,-8.914,-0.395,27.006,18.092
CA-10263500,-0.02528695381710806,66.70422898443292,0.06708988220731324,-1.0,40.0,-0.986,-0.061,16.661,15.675
CA-10308200,0.04776089648226189,-87.44783904576089,0.039651519265217205,2.0,40.0,1.863,0.233,7.071,8.934
CA-10336645,0.08566395190172227,-161.02067782100042,0.05932533025937897,1.0,38.0,3.169,0.309,8.68,11.849
CA-10336660,0.06276796250929711,-116.7603676905928,0.06708988220731327,1.0,40.0,2.448,0.282,7.457,9.905
CA-10336676,0.08057006723917258,-152.35827841432177,0.05102447327547527,1.0,40.0,3.142,0.363,7.09,10.232
CA-10343500,0.07595636720916993,-141.71953091077805,0.06708988220731327,1.0,40.0,2.962,0.294,8.598,11.56
CA-11015000,-0.011049550922737263,52.58078621912003,0.192710086316148,-0.0,40.0,-0.431,-0.014,30.714,30.283
CA-11098000,-0.15100013235785134,323.1232101515223,0.0749407132823953,-1.0,40.0,-5.889,-0.276,24.294,18.405
CA-11124500,-0.08860247544612472,207.58861624129668,0.0469959595346634,-2.0,40.0,-3.455,-0.113,32.244,28.789
CA-11141280,-0.2106289812788311,441.22285126355064,0.01158380024996142,-2.0,40.0,-8.214,-0.405,24.388,16.174
CA-11143000,-0.008679749213201367,38.074313960557134,0.175154912082209,-0.0,40.0,-0.338,-0.016,20.897,20.559
CA-11148900,0.06102304597085931,-98.53174679520619,0.1623869745640591,0.0,40.0,2.38,0.102,22.233,24.613
CA-11151300,0.07505146096537113,-122.62476363868676,0.09815307759379208,1.0,38.0,2.927,0.107,25.902,28.829
CA-11162500,-0.018142893917369042,58.263601412172605,0.188270533983974,-0.0,40.0,-0.708,-0.032,22.359,21.651
CA-11176400,0.00043212051938618323,24.534458480774003,0.11573487201152036,0.0,40.0,0.016,0.001,25.39,25.406
CA-11180500,-0.33910852556525556,702.41688774825,0.057529343739555344,-1.0,40.0,-13.225,-0.535,31.321,18.096
CA-11180960,-0.09321990677344597,210.85273034062914,0.1122149552160123,-0.0,40.0,-3.636,-0.148,26.371,22.735
CA-11224500,0.10951967800431445,-188.28404009430707,0.13416552420980948,0.0,40.0,4.272,0.14,28.455,32.727
CA-11230500,0.04167447631610473,-79.24620957006213,0.015987994513109116,2.0,40.0,1.625,0.402,3.228,4.853
CA-11237500,0.12761025313915492,-245.97164044703797,0.018662522443569862,2.0,40.0,4.977,0.549,6.569,11.546
CA-11253310,0.159861726134453,-288.46411298372465,0.15816723801425214,0.0,40.0,6.235,0.201,27.902,34.137
CA-11264500,0.0721920226612668,-137.81928982241158,0.015170118166358382,2.0,40.0,2.815,0.436,5.049,7.864
CA-11266500,0.07752843302327367,-146.95890053767187,0.015987994513109116,2.0,40.0,3.023,0.379,6.47,9.493
CA-11274500,-0.1292329365985025,283.77782253500504,0.09823160063292247,-1.0,40.0,-5.04,-0.198,28.026,22.986
CA-11274630,-0.18898786757309494,403.1320283691461,0.07225838563548603,-1.0,40.0,-7.37,-0.29,29.125,21.755
CA-11284400,0.07536745539935077,-122.52009938253909,0.23838634343976733,0.0,40.0,2.939,0.105,26.632,29.571
CA-11299600,-0.3779049274926257,782.1191235876798,0.07663571064755986,-1.0,35.0,-12.849,-0.496,32.356,19.507
CA-11315000,0.11676937591760939,-221.2179028185929,0.028936092107458955,2.0,40.0,4.554,0.375,9.869,14.423
CA-11381500,0.01281363895484087,-11.193871895779418,0.1266551423761152,0.0,40.0,0.5,0.035,14.164,14.664
CA-11383500,0.004340257640936111,9.253431755590661,0.1623869745640591,0.0,40.0,0.169,0.009,17.843,18.012
CA-11427700,0.11989795414402431,-224.6922197655934,0.08050224231142356,1.0,40.0,4.676,0.313,12.586,17.262
CA-11451100,-0.01042671521543316,42.927654655871635,0.192710086316148,-0.0,40.0,-0.406,-0.018,22.293,21.887
CA-11468500,0.026009963441868907,-31.45180809050173,0.18827053398397403,0.0,40.0,1.014,0.049,20.022,21.036
CA-11473900,0.08082131432681079,-140.99802668062574,0.11221495521601232,0.0,40.0,3.152,0.154,18.947,22.099
CA-11475560,0.045725017445795456,-72.1883320765553,0.19717987247580132,0.0,40.0,1.784,0.093,18.301,20.085
CA-11476600,0.013180515674720988,-7.178461632796022,0.25,0.0,39.0,0.501,0.026,18.906,19.407
CA-11478500,0.09977083972226046,-180.3553986610188,0.08050224231142356,1.0,40.0,3.891,0.204,17.091,20.982
CA-11480390,0.11174617462495191,-203.74035665784442,0.08169645134620152,1.0,38.0,4.134,0.21,17.629,21.763
CA-11481200,0.14106562867073347,-265.2310840132452,0.041400621207653865,2.0,40.0,5.501,0.33,13.938,19.439
CA-11482500,0.10677406050767282,-195.35247054684518,0.09875824416021672,1.0,40.0,4.165,0.231,15.953,20.118
CA-11522500,0.06249510222907886,-109.40771661380519,0.07225838563548603,1.0,40.0,2.437,0.157,14.27,16.707
CA-11523200,0.036408697824992634,-56.270611491900155,0.192710086316148,0.0,40.0,1.42,0.086,15.782,17.202
CA-11528700,0.022897742618506692,-24.518576065828867,0.18386340452929367,0.0,40.0,0.893,0.042,20.796,21.689
CA-11532500,0.10426996545726407,-192.3997337873158,0.053130483851264676,1.0,40.0,4.066,0.254,13.951,18.017
CO-06614800,0.003476576224918316,-5.983399844645715,0.10202760511526487,0.0,40.0,0.135,0.14,0.897,1.032
CO-06746095,0.01268717517545779,-24.62647855713902,0.010959696790527274,2.0,40.0,0.495,0.679,0.481,0.976
CO-07083000,0.013490032821087997,-25.682237535742672,0.045071986597325586,2.0,40.0,0.526,0.412,1.015,1.541
CO-07105945,0.04988722726989202,-93.66672818424811,0.11331275813712094,0.0,39.0,1.896,0.316,5.06,6.956
CO-09034900,0.00425632886741779,-7.796508835407349,0.10202760511526487,0.0,40.0,0.166,0.234,0.627,0.793
CO-09035800,0.03103693883891551,-59.73849860175323,0.02892993880470207,2.0,32.0,0.962,0.444,1.684,2.646
CO-09035900,0.013310356445587965,-24.35239494988641,0.05529856799556315,1.0,40.0,0.519,0.231,1.989,2.508
CO-09047700,0.009770804916158978,-16.26226461194072,0.1623869745640591,0.0,40.0,0.381,0.117,3.074,3.455
CO-09065500,0.019035895392141365,-36.62139216491655,0.009796386792645995,3.0,40.0,0.742,0.522,1.051,1.793
CO-09066000,0.021837917596392285,-41.49398264083801,0.015170118166358382,2.0,40.0,0.852,0.396,1.723,2.575
CO-09066200,0.020695470813362475,-39.97827251089998,0.02278569971107325,2.0,40.0,0.807,0.584,0.978,1.785
CO-09066300,3.832188889471555e-05,0.6778456793709781,0.210748045955239,0.0,40.0,0.001,0.001,0.754,0.755
CO-09081600,0.02884538511966511,-55.34384814567132,0.007337682765114817,3.0,40.0,1.125,0.488,1.741,2.866
CO-09107000,0.0055138521875122545,-7.718570141586561,0.1525316925781896,0.0,31.0,0.165,0.05,3.243,3.408
CO-09306242,-0.0015588823986090183,10.233516825038429,0.2337497009926262,-0.0,40.0,-0.06,-0.008,7.148,7.088
CO-09352900,0.06056248336544163,-118.40292158726646,7.950239739829001e-05,3.0,40.0,2.362,0.898,1.45,3.812
CT-01118300,0.0132966990277478,-10.540245068061978,0.210748045955239,0.0,40.0,0.518,0.032,15.774,16.292
CT-01121000,0.034459948139716895,-52.1127782412002,0.11573487201152033,0.0,40.0,1.344,0.08,16.083,17.427
CT-01123000,0.01644249400185182,-17.15283807446345,0.20620115420843865,0.0,40.0,0.641,0.041,15.387,16.028
CT-01195100,0.15754148166522566,-298.79763707926986,0.09881358196289736,1.0,37.0,5.671,0.348,13.45,19.121
CT-01208990,0.010438975374282077,-4.767026903109123,0.20620115420843865,0.0,40.0,0.407,0.025,15.892,16.299
DE-01484100,-0.08896399307754978,192.40944585125703,0.02761149809101351,-2.0,40.0,-3.47,-0.237,16.35,12.88
DE-01487000,-0.07733097300426427,168.62761407291626,0.026335264641169302,-2.0,40.0,-3.016,-0.214,15.59,12.574
FL-02231000,-0.27885222412422417,570.1829095988943,0.0014393153436242465,-3.0,40.0,-10.875,-0.843,18.334,7.459
FL-02231342,-0.2059467001849947,417.33582795814993,0.007337682765114818,-3.0,40.0,-8.032,-1.397,9.767,1.735
FL-02235200,-0.3050901383547923,620.8566945814902,0.011408061318579982,-2.0,33.0,-9.763,-0.97,14.948,5.185
FL-02236500,-0.26198301538595675,531.5807847698931,0.0063191265978936794,-3.0,40.0,-10.217,-1.276,13.116,2.899
FL-02245500,-0.21947984081242453,448.4677870034283,0.0016584406034111947,-3.0,40.0,-8.56,-0.87,14.117,5.557
FL-02246000,-0.25168220988676043,513.3427722509227,0.01036422741894798,-2.0,40.0,-9.816,-0.948,15.264,5.448
FL-02296500,-0.24312387937444774,491.465202423071,0.0008627755515167507,-3.0,40.0,-9.482,-1.699,10.323,0.841
FL-02297155,-0.18795772338352992,381.4627434708857,0.004525585623327716,-3.0,38.0,-7.33,-1.22,9.494,2.164
FL-02297310,-0.19717958655903337,399.56587003193624,0.00192331309757996,-3.0,38.0,-7.69,-1.387,9.347,1.657
FL-02298123,-0.23963036331402143,484.019166470861,0.00024409765489952491,-3.0,40.0,-9.346,-1.826,9.791,0.445
FL-02298608,-0.20539185479950864,416.27071789611233,0.0006876525266913524,-3.0,40.0,-8.01,-1.382,9.8,1.79
FL-02299950,-0.185033322805757,375.51777378511935,0.00016018651719144396,-3.0,40.0,-7.216,-1.26,9.337,2.121
FL-02300700,-0.21364693701907084,435.1835444370401,0.0003979156158214274,-3.0,40.0,-8.332,-1.015,12.376,4.044
FL-02310947,-0.2569257742408985,521.3253490170817,0.008144948052878178,-3.0,38.0,-10.02,-1.311,12.869,2.849
FL-02312200,-0.23091305912726734,470.8819681297156,0.012173649466037337,-2.0,40.0,-9.006,-0.958,13.905,4.899
FL-02315500,-0.3146341907146458,647.3983033223001,0.004505570546688276,-3.0,40.0,-12.27,-0.66,24.737,12.467
FL-02324000,-0.18474983087786306,381.77649687514565,0.020640775213703246,-2.0,40.0,-7.206,-0.574,16.157,8.951
FL-02324400,-0.19228159217379573,398.4206402739525,0.026335264641169302,-2.0,40.0,-7.499,-0.53,17.895,10.396
FL-02327100,-0.09500861317921946,203.00626154645556,0.08933679840268927,-1.0,40.0,-3.705,-0.282,14.984,11.279
GA-02177000,-0.08521113670715241,182.0875589898335,0.01292201243882866,-2.0,40.0,-3.324,-0.282,13.455,10.131
GA-02178400,-0.10834998330279597,228.79122768858838,0.005429645778554607,-3.0,40.0,-4.226,-0.345,14.367,10.141
GA-02193340,-0.15007009637817262,319.5027042906606,0.06931419939279759,-1.0,32.0,-4.652,-0.245,21.313,16.661
GA-02198100,-0.18649861655157457,391.959886548326,0.10205372368323903,-0.0,32.0,-5.781,-0.313,21.387,15.606
GA-02202600,-0.055500569239084516,127.25039596291104,0.12035404162947799,-0.0,38.0,-2.054,-0.126,17.304,15.25
GA-02212600,-0.04365470859270286,108.42087929717928,0.17949083594439996,-0.0,40.0,-1.702,-0.08,22.028,20.326
GA-02215100,-0.32036043950136694,660.3971776506501,0.008410109952514726,-3.0,32.0,-9.931,-0.526,23.841,13.91
GA-02216180,0.04153466908551629,-58.41422747546375,0.13051356696921806,0.0,36.0,1.454,0.059,23.949,25.403
GA-02221525,0.0004446047291483615,17.773212678765503,0.2291218614983822,0.0,40.0,0.017,0.001,18.653,18.67
GA-02314500,-0.33820988898167925,694.5382709778734,0.004797004134321973,-3.0,40.0,-13.19,-0.708,25.221,12.031
GA-02349900,-0.21330979701273578,444.7728994243194,0.02392347708790983,-2.0,40.0,-8.319,-0.45,22.633,14.314
GA-02350900,-0.24936726590831232,514.830873847546,0.0006964814753148667,-3.0,33.0,-7.979,-0.512,19.587,11.608
GA-02381600,-0.06559253841518514,145.6179553095685,0.15001807311591375,-0.0,40.0,-2.558,-0.176,15.81,13.252
GA-02384540,-0.13460254380381348,284.37817668323817,0.05821051169847871,-1.0,33.0,-4.308,-0.289,17.058,12.75
GA-02395120,-0.029197884802134148,74.88317792062662,0.19071529098623285,-0.0,38.0,-1.08,-0.065,17.042,15.962
IA-05412500,-0.19233343819055265,397.9541710159109,0.014387219922848315,-2.0,40.0,-7.501,-0.553,17.326,9.825
IA-05454000,-0.1346892392375252,283.00433759610763,0.21531597090532723,-0.0,40.0,-5.253,-0.38,16.454,11.201
IA-05458000,-0.21402214504205005,442.231903033417,0.026335264641169302,-2.0,40.0,-8.347,-0.575,18.682,10.335
IA-05487980,-0.17901915322836415,369.8145079533802,0.05529856799556315,-1.0,40.0,-6.982,-0.58,15.536,8.554
IA-05488200,-0.18720583580256836,386.29888929169175,0.05821051169847871,-1.0,33.0,-5.99,-0.52,14.508,8.518
IA-05489000,-0.20949761676634582,430.90595246799563,0.05102447327547527,-1.0,40.0,-8.17,-0.668,16.31,8.14
IA-06903400,-0.24778191659967558,507.2769990946035,0.04897986950744801,-2.0,40.0,-9.664,-0.8,16.917,7.253
ID-12411000,-0.0044028717326448415,23.226651958799568,0.14863606897590667,-0.0,39.0,-0.171,-0.012,14.513,14.342
ID-12413000,0.042820304190194995,-69.92394183265334,0.5,0.0,40.0,1.67,0.107,14.817,16.487
ID-12414500,0.06299701705540038,-115.61570167753027,0.23838634343976733,0.0,40.0,2.457,0.239,9.055,11.512
ID-13083000,0.017697261809557798,-26.215443322404045,0.16660104574623197,0.0,40.0,0.691,0.075,8.807,9.498
ID-13185000,0.05457836983142775,-100.9717522539886,0.05102447327547527,1.0,40.0,2.128,0.263,7.039,9.167
ID-13235000,0.028526540098724837,-51.33645720279446,0.08338152577208646,1.0,40.0,1.112,0.196,5.118,6.23
ID-13240000,0.0627759363808783,-121.97769915862573,0.15376283039132832,0.0,38.0,2.323,0.68,2.256,4.579
ID-13310700,0.10885277768483306,-212.1386046496434,0.015549132162869739,2.0,32.0,4.245,0.737,3.281,7.526
ID-13313000,0.03825284619769453,-73.2491236671901,0.08632642436202548,1.0,40.0,1.492,0.466,2.453,3.945
ID-13337000,0.05168836450069198,-96.1748435460727,0.16660104574623197,0.0,40.0,2.016,0.283,6.116,8.132
ID-13338500,0.0543987713431109,-99.40606280512199,0.14599188355158327,0.0,40.0,2.122,0.228,8.249,10.371
ID-13340000,0.05032302242796308,-91.95065589376243,0.15001807311591375,0.0,40.0,1.962,0.228,7.639,9.601
ID-13340600,0.04176598031122737,-74.69995536109494,0.21531597090532723,0.0,40.0,1.629,0.186,7.955,9.584
IL-03346000,-0.23278026586729433,478.56274474607926,0.02392347708790983,-2.0,40.0,-9.079,-0.68,17.891,8.812
IL-03384450,0.031998587671972126,-45.533413565342215,0.20620115420843865,0.0,40.0,1.248,0.068,17.792,19.04
IL-05444000,-0.09569198627908271,203.9622219335335,0.175154912082209,-0.0,40.0,-3.732,-0.293,14.588,10.856
IL-05466500,-0.11004102376029216,233.56717618780135,0.2291218614983822,-0.0,40.0,-4.292,-0.314,15.796,11.504
IL-05495500,-0.17821814497443075,368.19855918251864,0.045071986597325614,-2.0,40.0,-6.951,-0.578,15.505,8.554
IL-05525500,-0.20271518042810802,418.6334778378353,0.016841947914742916,-2.0,40.0,-7.906,-0.585,17.46,9.554
IL-05556500,-0.0942336392226111,203.68654503539497,0.2245053155330704,-0.0,40.0,-3.675,-0.239,17.198,13.523
IL-05584500,-0.19297512925613722,397.4301132112277,0.09555303794039541,-1.0,40.0,-7.526,-0.639,15.532,8.006
IL-05585000,-0.19354719510307078,398.7442507218369,0.06708988220731324,-1.0,40.0,-7.548,-0.632,15.714,8.166
IL-05591550,-0.07268854693708429,157.4964229135844,0.1718656383890867,-0.0,38.0,-2.689,-0.221,13.5,10.811
IL-05592050,-0.12415524433683407,260.059183475792,0.14447476803381964,-0.0,39.0,-4.718,-0.397,14.232,9.514
IL-05592575,-0.22478771523702964,463.38741131052075,0.13602992083473764,-0.0,30.0,-6.519,-0.5,16.285,9.766
IL-05593575,-0.2364610057119151,487.3479948031275,0.10875660696370959,-0.0,40.0,-9.222,-0.624,19.392,10.17
IL-05593900,-0.17762427075150913,367.4091963359405,0.041400621207653865,-2.0,40.0,-6.928,-0.557,15.891,8.963
IL-05595730,-0.10065982513478894,216.89383615172153,0.2403518572614835,-0.0,39.0,-3.825,-0.244,17.587,13.762
IN-03291780,0.009534546797353938,-3.8663045500707547,0.24302928396043333,0.0,40.0,0.371,0.024,15.003,15.374
IN-03340800,-0.1936293781835887,400.74850215037014,0.03795894045663839,-2.0,40.0,-7.552,-0.548,17.556,10.004
IN-03357350,-0.19937469700937316,412.90976888945954,0.03321082741567278,-2.0,40.0,-7.775,-0.538,18.347,10.572
IN-03364500,-0.05860472458912161,130.6452178642716,0.18386340452929367,-0.0,40.0,-2.285,-0.169,14.666,12.381
IN-03366500,0.03141289386936291,-47.328672507558736,0.2245053155330704,0.0,40.0,1.226,0.079,14.837,16.063
IN-03368000,-0.00816485545223384,31.04644540434863,0.21990253534923698,-0.0,40.0,-0.318,-0.022,14.888,14.57
KS-06814000,-0.3970616318470927,804.7443648670799,0.016841947914742916,-2.0,40.0,-15.485,-1.381,18.959,3.474
KS-06846500,-0.0077943014274170054,18.667840218508744,0.05407605870050697,-1.0,40.0,-0.304,-0.098,3.243,2.939
KS-06847900,0.106331469375541,-200.18635444252976,0.05982337794139614,1.0,40.0,4.147,0.337,10.244,14.391
KS-06853800,-0.19879913289775075,407.0562498206522,0.01866252244356987,-2.0,40.0,-7.753,-0.795,13.633,5.88
KS-06876700,-0.3037271167896542,615.7887050656431,0.005104782464541401,-3.0,40.0,-11.846,-1.348,14.713,2.867
KS-06878000,-0.3168172953784502,643.1267757798879,0.014387219922848315,-2.0,40.0,-12.356,-1.24,16.145,3.789
KS-06879650,-0.21303476067245153,435.18922517707,0.05035135000592561,-1.0,39.0,-8.095,-0.867,13.38,5.285
KS-06885500,-0.3473102459866908,704.6548109013751,0.009796386792646019,-3.0,40.0,-13.545,-1.283,17.328,3.783
KS-06888500,-0.23862688119593803,488.3388187962496,0.10536059473564324,-0.0,40.0,-9.306,-0.813,16.096,6.79
KS-06889200,-0.25569000903008865,522.1292342031873,0.041400621207653865,-2.0,40.0,-9.972,-0.896,16.119,6.147
KS-06889500,-0.27489489508953263,560.6954124783995,0.06964151241423616,-1.0,40.0,-10.72,-0.947,16.678,5.958
KS-06892000,-0.10243497044768765,214.81744431867702,0.08632642436202548,-1.0,40.0,-3.995,-0.395,12.099,8.104
KS-06910800,-0.15138581081726799,316.6674296933194,0.10536059473564324,-0.0,40.0,-5.904,-0.418,17.075,11.171
KS-06911900,-0.16763784331633164,348.99355919145773,0.1122149552160123,-0.0,40.0,-6.538,-0.468,17.238,10.7
KS-06917000,-0.21454086269500386,442.4600098618094,0.0469959595346634,-2.0,40.0,-8.367,-0.611,17.884,9.517
KS-07142300,-0.020205050057753145,51.70022071901357,0.21990253534923695,-0.0,40.0,-0.788,-0.07,11.714,10.926
KS-07144780,-0.07657734559154959,165.04649540478317,0.07768864010631041,-1.0,40.0,-2.987,-0.249,13.5,10.513
KS-07145700,-0.4421544307809513,897.0873325273686,0.05102447327547527,-1.0,40.0,-17.244,-1.283,22.064,4.82
KS-07149000,-0.013449003494205353,38.37069708987535,0.1582101734628995,-0.0,38.0,-0.524,-0.046,11.755,11.231
KS-07151500,-0.2350798148414064,482.11513768895367,0.026335264641169302,-2.0,40.0,-9.168,-0.745,16.892,7.724
KS-07167500,-0.11545412675445314,244.10133972346276,0.15409375087008964,-0.0,40.0,-4.503,-0.337,15.618,11.115
KS-07180500,-0.10403103484753144,219.28034999590352,0.0987582441602167,-1.0,40.0,-4.057,-0.357,13.403,9.346
KS-07184000,-0.20593634628506874,423.23572571800634,0.10536059473564324,-0.0,40.0,-8.032,-0.688,15.688,7.656
KY-03213700,-0.01651267432121778,49.532661125970094,0.19717987247580132,-0.0,40.0,-0.644,-0.039,16.854,16.21
KY-03280700,0.003577476748992064,9.459441686620536,0.175154912082209,0.0,40.0,0.14,0.008,16.539,16.679
KY-03281100,0.08415051701351993,-151.27877471500219,0.03867341844281941,2.0,34.0,3.282,0.195,15.255,18.537
KY-03281500,0.028742923432298725,-41.11330202366149,0.1623869745640591,0.0,40.0,1.121,0.069,15.769,16.89
KY-03285000,-0.05429826409837579,124.56551898183497,0.23838634343976733,-0.0,40.0,-2.117,-0.132,17.109,14.992
KY-03300400,-0.04849500737646706,112.98869139577121,0.24302928396043333,-0.0,40.0,-1.891,-0.118,17.017,15.126
LA-07373000,0.16884568590413854,-323.41866408411244,0.07768864010631038,1.0,40.0,6.585,0.47,10.727,17.312
LA-07375000,0.02933638538284723,-45.46389675003023,0.192710086316148,0.0,40.0,1.144,0.087,12.593,13.737
LA-07376000,0.04456683668291547,-74.72055115327721,0.2249885808966955,0.0,38.0,1.738,0.121,13.477,15.215
LA-07377000,0.03830829268651535,-62.17827888903851,0.15001807311591375,0.0,40.0,1.494,0.104,13.634,15.128
LA-08013000,0.16022670083981627,-303.98676902526324,0.1266551423761152,0.0,40.0,6.249,0.385,13.102,19.351
LA-08014500,0.04618734350269942,-79.69632612927876,0.15001807311591375,0.0,40.0,1.802,0.143,11.708,13.51
LA-08023080,0.3407703048928454,-665.1088941375243,0.04363450924765677,2.0,38.0,12.609,0.775,9.957,22.566
LA-08025500,0.2205393374401947,-425.32568969906066,0.19589503760728494,0.0,37.0,8.601,0.55,11.122,19.723
MA-01162500,-0.1677871142904179,351.4870110197096,0.005429645778554607,-3.0,40.0,-6.543,-0.405,19.436,12.893
MA-01169000,-0.18409087776579627,382.8564098394454,0.0032692046070448297,-3.0,40.0,-7.18,-0.48,18.541,11.361
MA-01170100,-0.19551349056184597,405.2539804932471,0.0014393153436242465,-3.0,40.0,-7.625,-0.525,18.333,10.708
MA-01181000,-0.15733471972698218,330.0051984107059,0.01036422741894798,-2.0,40.0,-6.136,-0.394,18.64,12.504
MA-01187300,-0.12688276331734374,270.145688867661,0.045071986597325614,-2.0,40.0,-4.949,-0.299,19.045,14.096
MA-01333000,-0.1889236332916378,392.136950097162,0.003968886785344781,-3.0,40.0,-7.368,-0.506,18.257,10.889
MB-05LH005,0.0839985147926927,-165.373271137059,0.005909802978467604,3.0,38.0,3.192,1.309,0.86,4.052
MB-05TD001,0.03266241212541266,-60.03000988395337,0.03957358173834846,2.0,32.0,1.241,0.237,4.609,5.85
MB-05TG002,0.03532867837199607,-68.63302098530868,0.009623401242953689,3.0,30.0,1.343,0.685,1.282,2.625
MB-05UH002,0.0013587110113516656,-2.119604366342077,0.20195355414604776,0.0,32.0,0.052,0.087,0.569,0.621
MB-06FB002,0.0037122810518693586,-6.793460946885378,0.117587854521924,0.0,36.0,0.141,0.227,0.553,0.694
MD-01485500,-0.15105442800154814,318.94169310706934,0.057529343739555344,-1.0,40.0,-5.891,-0.345,20.005,14.114
MD-01486000,-0.08382246167505561,185.24044172216534,0.15821728557165676,-0.0,40.0,-3.269,-0.184,19.356,16.087
MD-01491000,-0.09359144834966457,203.30075136634642,0.10875660696370959,-0.0,40.0,-3.65,-0.225,18.083,14.433
MD-01580000,0.02044864441727326,-29.114861038279205,0.15001807311591375,0.0,40.0,0.798,0.068,11.353,12.151
MD-01583500,0.0008468004401913284,10.19681704916168,0.24302928396043333,0.0,40.0,0.033,0.003,11.873,11.906
MD-01586610,-0.0528206381537353,119.37253924973909,0.07674646368746854,-1.0,36.0,-1.849,-0.135,14.629,12.78
MD-01591400,-0.02862845164785716,69.71739734008656,0.15821728557165676,-0.0,40.0,-1.117,-0.089,13.062,11.945
MD-01594950,-0.05082962227977201,119.61716793272282,0.1425807507300195,-0.0,32.0,-1.576,-0.088,18.619,17.043
MD-01596500,0.0007083894526509549,18.042458936366007,0.188270533983974,0.0,40.0,0.028,0.001,19.444,19.472
MD-01639500,0.010017624990211896,-5.5106278581423105,0.2337497009926262,0.0,40.0,0.391,0.027,14.314,14.705
MD-03076600,0.02817065171442676,-38.24690274371551,0.2245053155330704,0.0,40.0,1.098,0.061,17.503,18.601
MD-03078000,0.0178302206307725,-17.678486331493644,0.18386340452929367,0.0,40.0,0.695,0.039,17.608,18.303
ME-01013500,0.016435893929391685,-28.640509540840213,0.14599188355158327,0.0,40.0,0.641,0.152,3.886,4.527
ME-01022500,-0.06215643495620321,137.53767290071332,0.07768864010631041,-1.0,40.0,-2.424,-0.182,14.53,12.106
ME-01030500,0.010066433848608282,-11.307916900611291,0.21531597090532723,0.0,40.0,0.392,0.044,8.614,9.006
ME-01031500,-0.06740165396740039,144.3625141561528,0.08338152577208646,-1.0,40.0,-2.629,-0.272,10.975,8.346
ME-01047000,-0.07045680450270868,150.65446070011743,0.08050224231142353,-1.0,40.0,-2.747,-0.279,11.22,8.473
ME-01054200,-0.1641785170551618,338.01727969434944,0.009255186916476333,-3.0,40.0,-6.403,-0.646,13.108,6.705
ME-01055000,-0.0908708565929538,190.40319442300603,0.030310132972666874,-2.0,40.0,-3.544,-0.403,10.57,7.026
ME-01057000,-0.13772042588646646,288.2186893416239,0.034739573642688266,-2.0,40.0,-5.371,-0.414,15.67,10.299
ME-01AD002,0.03548860571916158,-66.59635863317904,0.16821105371564804,0.0,36.0,1.242,0.292,3.636,4.878
MI-04040500,0.11930002049788047,-229.6096219810677,0.2291218614983822,0.0,40.0,4.653,0.528,6.485,11.138
MI-04043050,0.09439535004993777,-178.86469936904405,0.20620115420843865,0.0,40.0,3.681,0.376,7.944,11.625
MI-04045500,0.04749010320847973,-86.03694247250476,0.210748045955239,0.0,40.0,1.852,0.209,7.946,9.798
MI-04056500,0.03243982235915449,-55.56921083636028,0.20167765557077255,0.0,40.0,1.265,0.137,8.629,9.894
MI-04057510,0.03309651887268895,-57.248425252903495,0.2245053155330704,0.0,40.0,1.29,0.145,8.25,9.54
MI-04057800,0.11809904432523066,-228.1186819530362,0.20167765557077255,0.0,40.0,4.606,0.583,5.599,10.205
MI-04059500,0.04397421900874028,-79.67123115111029,0.14599188355158327,0.0,40.0,1.715,0.209,7.354,9.069
MI-04105700,-0.009311792497991385,29.28517487356749,0.15409375087008964,-0.0,40.0,-0.363,-0.034,10.857,10.494
MI-04115265,-0.1022666703392221,217.1790949624522,0.025687991994251026,-2.0,31.0,-3.068,-0.249,13.873,10.805
MI-04122200,-0.02821026696399275,68.13344142319343,0.1342254488262196,-0.0,40.0,-1.1,-0.094,12.305,11.205
MI-04122500,-0.01257753123853212,36.794083863543605,0.20167765557077252,-0.0,40.0,-0.49,-0.042,11.903,11.413
MI-04124000,-0.003955798983425963,17.863341428117025,0.210748045955239,-0.0,40.0,-0.154,-0.015,10.035,9.881
MI-04127918,-0.005304090430526607,21.096137736889183,0.21616631632808703,-0.0,33.0,-0.169,-0.016,10.599,10.43
MI-04127997,-0.01659107510674432,42.63067207198498,0.08338152577208646,-1.0,40.0,-0.647,-0.068,9.797,9.15
MI-04161580,-0.03762888831651429,91.14270487686484,0.18330706877459513,-0.0,35.0,-1.279,-0.08,16.675,15.396
MN-04015330,0.2081286555370696,-408.40191539917515,0.057529343739555316,1.0,40.0,8.117,1.076,3.485,11.602
MN-05062500,0.13358793629326013,-257.3911928515225,0.15228251752090727,0.0,33.0,5.21,0.524,6.979,12.189
MN-05129115,0.0311544423381789,-57.82808528045196,0.15285130060868246,0.0,39.0,1.184,0.266,3.858,5.042
MN-05131500,0.07453769545192407,-145.27005500415567,0.11931550877026276,0.0,40.0,2.907,0.787,2.24,5.147
MO-05495000,-0.2629905967958501,538.196897566853,0.05102447327547527,-1.0,40.0,-10.257,-0.813,17.739,7.482
MO-05501000,-0.16072597606114677,333.56945190030666,0.06460321892746754,-1.0,40.0,-6.269,-0.507,15.493,9.224
MO-05503800,-0.040340081010227485,91.54967061387951,0.2403518572614835,-0.0,39.0,-1.533,-0.141,11.676,10.143
MO-05507600,0.0031561655358070943,3.9441823472412976,0.22114564906915418,0.0,39.0,0.12,0.012,10.193,10.313
MO-05508805,-0.059306440095428244,131.28996828963867,0.07768864010631041,-1.0,40.0,-2.313,-0.181,13.923,11.61
MO-05514500,0.01128189564386965,-9.913236015479297,0.16143627426140938,0.0,39.0,0.429,0.034,12.425,12.854
MO-06906800,0.09091953272525946,-171.38582976124064,0.22969343479697832,0.0,31.0,2.728,0.254,9.362,12.09
MO-06918460,-0.020846244588746576,55.00008048844956,0.21990253534923695,-0.0,40.0,-0.813,-0.061,13.745,12.932
MO-06919500,-0.1905854351094173,394.8170069630401,0.08933679840268927,-1.0,40.0,-7.432,-0.533,17.648,10.216
MO-06921070,-0.048396986636866736,111.30164797587615,0.210748045955239,-0.0,40.0,-1.887,-0.129,15.524,13.637
MO-06921200,-0.10927037337199864,232.9714021315154,0.175154912082209,-0.0,40.0,-4.261,-0.292,16.725,12.464
MO-06934000,-0.0009228394686256922,15.434634298297894,0.2146059455130846,-0.0,32.0,-0.029,-0.002,13.601,13.572
MO-07014500,0.10136941619998074,-189.59223649853323,0.06708988220731327,1.0,40.0,3.953,0.304,11.018,14.971
MO-07057500,0.03224475175143708,-52.56858225259941,0.15001807311591375,0.0,40.0,1.257,0.106,11.244,12.501
MO-07066000,0.020572297883907378,-28.31373141666657,0.24767600743079374,0.0,40.0,0.802,0.063,12.399,13.201
MO-07067000,0.027917564402005723,-44.01641562437591,0.21990253534923698,0.0,40.0,1.089,0.092,11.232,12.321
MO-07068000,0.03352302579465043,-55.541488924430354,0.20620115420843865,0.0,40.0,1.307,0.114,10.801,12.108
MO-07071500,0.008706706497257695,-5.873875097503461,0.24302928396043333,0.0,40.0,0.339,0.029,11.357,11.696
MS-02430085,-0.0037183142643698805,22.06798311862424,0.05982337794139614,-1.0,40.0,-0.145,-0.01,14.709,14.564
MS-02430615,-0.05700464783952482,127.09412731265573,0.20825812473801136,-0.0,32.0,-1.767,-0.132,14.282,12.515
MS-02472000,0.07287694109551769,-127.3850149552338,0.20620115420843865,0.0,40.0,2.843,0.156,16.838,19.681
MS-02472500,0.08646338427855065,-157.07710445466984,0.2476760074307937,0.0,40.0,3.372,0.215,14.034,17.406
MS-02479155,0.0599972705438295,-104.18241077469679,0.5,0.0,40.0,2.34,0.149,14.552,16.892
MS-02479300,-0.017296648271630542,48.08412878022362,0.192710086316148,-0.0,40.0,-0.675,-0.05,13.854,13.179
MS-02479560,-0.058254057135880895,131.58205110330042,0.08338152577208646,-1.0,40.0,-2.272,-0.15,16.297,14.025
MS-02481000,-0.10900021231192344,231.77927722090305,0.10892747818789453,-0.0,38.0,-4.251,-0.306,16.068,11.817
MS-02481510,-0.02106062070146694,56.23605992265669,0.2476760074307937,-0.0,40.0,-0.821,-0.058,14.557,13.736
MS-03592718,-0.09483887993535284,202.99302663043747,0.12855586453178547,-0.0,34.0,-3.13,-0.228,15.307,12.177
MS-07290650,-0.01592707558647406,48.437337936388204,0.16329696810886793,-0.0,33.0,-0.622,-0.037,16.918,16.296
MS-07291000,0.024687768112159288,-32.46004371871115,0.15711090917707382,0.0,37.0,0.963,0.057,16.397,17.36
MS-07292500,0.014565961140845386,-13.74517253105969,0.2060121132043679,0.0,37.0,0.568,0.037,15.081,15.649
MS-07295000,-0.07652627044028884,167.3972220274053,0.16751913534640311,-0.0,35.0,-2.985,-0.205,15.952,12.967
MT-06037500,0.022630357503219605,-38.130940327024376,0.04202007034672417,2.0,32.0,0.769,0.107,6.768,7.537
MT-06043500,-0.002910613385673813,9.242376673080848,0.19894797039072676,-0.0,36.0,-0.113,-0.033,3.482,3.369
MT-06154410,-0.06361268172175609,132.36185148048824,0.04101085803605137,-2.0,30.0,-1.844,-0.332,6.472,4.628
MT-06191000,-0.0073683221550036515,19.003903148502488,0.16952002736765084,-0.0,34.0,-0.243,-0.057,4.378,4.135
MT-06191500,0.0035550030690902623,-4.422583212306858,0.19717987247580132,0.0,40.0,0.138,0.051,2.613,2.751
MT-06289000,-0.004117509489564369,12.143231709982794,0.15821728557165676,-0.0,40.0,-0.161,-0.041,3.995,3.834
MT-12358500,0.06223746479425644,-120.65842357947419,0.14201674021284805,0.0,40.0,2.427,0.652,2.51,4.937
MT-12374250,0.16278597097139702,-316.77445460189665,0.0489176554812521,2.0,36.0,5.698,0.642,6.03,11.728
MT-12375900,0.0018571522247355994,-0.29622479565768556,0.10540227526894977,0.0,36.0,0.065,0.019,3.387,3.452
MT-12377150,0.0025132776627818996,-3.1401477647625335,0.06747504881289601,1.0,36.0,0.088,0.047,1.844,1.932
MT-12381400,0.027757316847429502,-52.85639212256537,0.22560833000239533,0.0,36.0,0.972,0.364,2.186,3.158
MT-12390700,0.07912182417151815,-148.8152724702893,0.13809412631587598,0.0,40.0,3.086,0.331,7.767,10.853
NB-01AD003,0.04240649523016247,-80.89303422644628,0.1026856761802748,0.0,39.0,1.612,0.42,3.029,4.641
NB-01AJ004,-0.04943770566529434,107.7038651770071,0.16143627426140938,-0.0,39.0,-1.879,-0.21,9.867,7.988
NB-01AJ010,-0.02980842484625293,68.14231856526908,0.17467055899560907,-0.0,39.0,-1.132,-0.132,9.151,8.019
NB-01AK001,-0.014032406125646357,37.48300673590968,0.1363207257324946,-0.0,39.0,-0.533,-0.056,9.713,9.18
NB-01AP002,0.018366848107906356,-24.28346160958965,0.1658021686543294,0.0,39.0,0.697,0.056,12.065,12.762
NB-01AP004,-0.09677771015442325,206.6153917531892,0.09594197510943422,-1.0,39.0,-3.677,-0.277,15.092,11.415
NB-01AQ001,-0.047457809496353975,105.56958547109927,0.1122149552160123,-0.0,40.0,-1.851,-0.173,11.651,9.8
NB-01BC001,-0.009313566168011576,21.958646966133003,0.21637911523261544,-0.0,39.0,-0.354,-0.106,3.527,3.173
NB-01BE001,-0.010677455797837096,24.613709214867658,0.14863606897590664,-0.0,39.0,-0.406,-0.124,3.483,3.077
NB-01BJ003,0.0016388004487072267,-0.00978459655428976,0.20690720210361757,0.0,39.0,0.063,0.019,3.233,3.296
NB-01BL002,0.001734036934979746,1.7844871403016955,0.2022071576271,0.0,39.0,0.066,0.013,5.216,5.282
NB-01BO001,-0.008317302669384269,22.61470405789568,0.17467055899560907,-0.0,39.0,-0.316,-0.053,6.155,5.839
NB-01BP001,0.014519711028953946,-23.756883154501615,0.1403691115602163,0.0,39.0,0.551,0.105,4.978,5.529
NB-01BQ001,0.0381103210851761,-70.75617499879314,0.1169884533815233,0.0,39.0,1.448,0.269,4.664,6.112
NB-01BS001,0.07101332948981079,-130.72683767519453,0.14447476803381964,0.0,39.0,2.698,0.242,9.809,12.507
NB-01BU002,-0.00881921299353141,31.199890596361534,0.22592895169697633,-0.0,39.0,-0.335,-0.025,13.747,13.412
NB-01BV006,-0.04890270255743111,108.29081134342604,0.14447476803381964,-0.0,39.0,-1.858,-0.176,11.512,9.654
NC-02053200,-0.19922909412891626,414.1426438669439,0.03173469283662927,-2.0,40.0,-7.77,-0.486,19.868,12.098
NC-02077200,-0.11010517247213031,237.13690735600935,0.08632642436202548,-1.0,40.0,-4.294,-0.251,19.239,14.945
NC-02081500,-0.18104590622356287,381.4744217665808,0.06460321892746754,-1.0,40.0,-7.061,-0.359,23.185,16.124
NC-02082950,-0.13511628239968287,287.71178757582146,0.07768864010631041,-1.0,40.0,-5.27,-0.298,20.317,15.047
NC-02084557,-0.319013540479977,654.6761647549739,0.001778879401799192,-3.0,40.0,-12.441,-0.726,23.348,10.907
NC-02092500,-0.2801503189666592,574.4195232249343,0.003968886785344781,-3.0,40.0,-10.926,-0.751,20.002,9.076
NC-02096846,-0.3246820001760742,670.756642936466,0.0671660576059773,-1.0,30.0,-9.416,-0.465,24.964,15.548
NC-02102908,-0.060804868891470576,131.90973321553065,0.016841947914742916,-2.0,40.0,-2.371,-0.228,11.577,9.206
NC-02108000,-0.2283472414791933,470.17935987990586,0.004229763498196235,-3.0,40.0,-8.905,-0.644,18.28,9.375
NC-02111180,-0.11284094226836346,237.67744888545687,0.016841947914742916,-2.0,40.0,-4.401,-0.362,14.365,9.964
NC-02111500,-0.06869681674642483,148.45298329276486,0.03321082741567278,-2.0,40.0,-2.679,-0.24,12.502,9.823
NC-02112120,0.008535984656155153,-5.234133877895891,0.18330706877459513,0.0,35.0,0.29,0.025,11.659,11.949
NC-02112360,-0.03016429021636208,71.46715470673776,0.12386210979608225,-0.0,35.0,-1.026,-0.091,11.772,10.746
NC-02118500,-0.10208137910145372,216.62480435162556,0.016841947914742916,-2.0,40.0,-3.981,-0.316,14.606,10.625
NC-02125000,-0.0015778119148899072,22.606607566086872,0.25,-0.0,31.0,-0.047,-0.002,19.484,19.437
NC-02128000,-0.09681674750145317,210.30061765119024,0.08632642436202548,-1.0,40.0,-3.776,-0.225,18.7,14.924
NC-02137727,-0.10332213371974565,217.89530030193083,0.021826684652304147,-2.0,38.0,-3.823,-0.338,13.214,9.391
NC-02140991,-0.18879138248001534,389.8387524110153,0.012273039472491653,-2.0,33.0,-6.041,-0.509,14.899,8.858
NC-02143000,-0.05238395745399093,117.2778614107943,0.07768864010631041,-1.0,40.0,-2.043,-0.162,13.61,11.567
NC-02143040,-0.04688993276953944,106.59639641416933,0.07768864010631041,-1.0,40.0,-1.828,-0.142,13.801,11.973
NC-02149000,-0.07919924693736144,169.7439539938481,0.02761149809101351,-2.0,40.0,-3.089,-0.269,13.009,9.92
NC-02152100,-0.06413263247120882,140.7243030220623,0.05529856799556315,-1.0,40.0,-2.501,-0.199,13.806,11.305
NC-03161000,-0.09477776041728919,200.64191139873134,0.01158380024996142,-2.0,40.0,-3.697,-0.329,13.077,9.38
NC-03439000,-0.08757975622879828,186.5332493598076,0.008248848667334089,-3.0,40.0,-3.416,-0.297,13.213,9.797
NC-03450000,-0.24007360426434854,494.19414733914823,0.002473922097815814,-3.0,34.0,-9.122,-0.665,18.848,9.726
NC-03455500,-0.13531022848927723,283.25199901176,0.00873965790444861,-3.0,40.0,-5.277,-0.411,15.473,10.196
NC-03456500,-0.15298734128247157,318.75389305008304,0.006514478057923162,-3.0,40.0,-5.967,-0.459,15.992,10.025
NC-03460000,-0.10606865573788891,225.8821934045419,0.016841947914742916,-2.0,40.0,-4.136,-0.297,15.972,11.836
NC-03463300,-0.17655193887489615,365.2520475313935,0.001778879401799192,-3.0,40.0,-6.886,-0.555,15.856,8.97
NC-03479000,-0.1544688961593149,322.5490455103499,0.007337682765114818,-3.0,40.0,-6.024,-0.435,16.855,10.831
NC-03500000,-0.09795611465425488,208.2462779812752,0.008248848667334089,-3.0,40.0,-3.82,-0.306,14.391,10.571
NC-03500240,-0.1105523293429836,234.10361977746103,0.009796386792646019,-3.0,40.0,-4.312,-0.328,15.321,11.009
NC-03504000,-0.11073924902868693,233.65586758968183,0.014387219922848315,-2.0,40.0,-4.319,-0.35,14.503,10.184
ND-05056000,-0.6392692712788974,1293.9692157657137,0.003061523461174656,-3.0,40.0,-24.931,-1.521,28.855,3.924
ND-05057000,-0.4706403520985951,952.9320071930546,0.01223755964991326,-2.0,40.0,-18.355,-1.485,21.535,3.18
ND-05057200,-0.6676631167460859,1356.399822612822,0.0025068816115794883,-3.0,40.0,-26.039,-1.18,35.095,9.056
ND-05120500,-0.4368305250254661,886.373397815152,0.003376061038513301,-3.0,40.0,-17.037,-1.275,21.886,4.849
ND-05123400,-0.39080120120925427,793.2285827933118,0.2243454973795,-0.0,40.0,-15.241,-1.248,19.833,4.592
ND-06332515,0.1180140371529109,-194.45976648034386,0.1708576597158401,0.0,40.0,4.603,0.111,39.09,43.693
ND-06339100,0.10559908024382068,-173.33538416489424,0.21531597090532723,0.0,40.0,4.119,0.109,35.645,39.764
ND-06339500,-0.2078724860810299,448.1969212642096,0.10536059473564324,-0.0,40.0,-8.107,-0.247,36.817,28.71
ND-06344600,0.21997404835557632,-405.66842719275303,0.210748045955239,0.0,40.0,8.579,0.253,29.66,38.239
ND-06350000,0.17175248346537036,-317.5843938211059,0.10875660696370959,0.0,40.0,6.698,0.261,22.314,29.012
ND-06352000,0.16890497124496884,-308.6647018754779,0.07494071328239527,1.0,40.0,6.588,0.228,25.598,32.186
ND-06353000,-0.27257319394300644,574.3868563463648,0.10202760511526487,-0.0,40.0,-10.631,-0.359,34.965,24.334
ND-06354000,-0.1435194775277097,315.7669625718343,0.1403691115602163,-0.0,39.0,-5.454,-0.188,31.742,26.288
ND-06468170,-0.8087777913371202,1638.1443454784933,0.0013879794150258714,-3.0,40.0,-31.542,-1.447,37.573,6.031
ND-06468250,-0.9465089004756561,1912.7449460091916,0.004825373128009746,-3.0,33.0,-30.288,-1.698,32.978,2.69
ND-06470800,-0.8235303079015012,1667.813809093285,0.002865617343840815,-3.0,40.0,-32.117,-1.461,38.047,5.93
NE-06453600,-0.22987020186289842,479.0461862256116,0.07454653220396881,-1.0,39.0,-8.735,-0.442,24.133,15.398
NE-06601000,-0.2286688250479105,468.52175566483965,0.08050224231142353,-1.0,40.0,-8.918,-0.774,15.986,7.068
NE-06775500,-0.005068597248437652,19.069031201472114,0.17949083594439996,-0.0,40.0,-0.197,-0.022,9.038,8.841
NE-06784000,-0.05439531910065276,119.93701843111445,0.0749407132823953,-1.0,40.0,-2.122,-0.189,12.289,10.167
NE-06803510,-0.28122507560108373,571.6419576231216,0.01181710694280932,-2.0,39.0,-10.687,-1.096,15.098,4.411
NE-06803530,-0.2639818816168921,537.334834332438,0.015170118166358356,-2.0,40.0,-10.296,-1.054,14.915,4.619
NH-01073000,-0.07868268413527056,176.69216181681116,0.08050224231142353,-1.0,40.0,-3.068,-0.158,20.979,17.911
NH-01078000,-0.1248837173243749,263.3278022795762,0.026335264641169302,-2.0,40.0,-4.871,-0.354,16.183,11.312
NH-01137500,-0.05850619281129914,124.99238434580953,0.12295593578600916,-0.0,40.0,-2.282,-0.283,9.209,6.927
NJ-01411300,-0.035508176897648465,84.56762812328476,0.15821728557165676,-0.0,40.0,-1.385,-0.102,14.297,12.912
NJ-01440000,-0.01616223400074387,47.028429807990555,0.13041203721113082,-0.0,40.0,-0.63,-0.043,15.043,14.413
NJ-01466500,0.020569398438307167,-29.60434918912444,0.1708576597158401,0.0,40.0,0.803,0.07,11.102,11.905
NL-02YC001,-0.006434435099064263,15.638760694569354,0.0690695071512869,-1.0,39.0,-0.244,-0.088,2.905,2.661
NL-02YJ001,-0.00711627101347761,19.7110733566069,0.12840182312192117,-0.0,39.0,-0.27,-0.049,5.628,5.358
NL-02YL001,-0.0193718413917722,42.454101255021556,0.25,-0.0,39.0,-0.736,-0.196,4.117,3.381
NL-02YQ001,-0.06133018621982313,130.58192703297865,0.11931550877026278,-0.0,40.0,-2.391,-0.298,9.209,6.818
NL-02YR001,-0.09663958831087326,202.00393791067168,0.025106293592409366,-2.0,40.0,-3.769,-0.425,10.754,6.985
NL-02YS003,-0.11284364255670534,234.3309023871786,0.04993711947616941,-2.0,39.0,-4.288,-0.483,11.013,6.725
NL-02ZB001,-0.038110142618359884,81.40879087696902,0.19753454257043113,-0.0,39.0,-1.448,-0.275,5.989,4.541
NL-02ZF001,-0.09564042040626453,200.7769526451837,0.05431181273943228,-1.0,39.0,-3.73,-0.389,11.505,7.775
NL-02ZG001,-0.05995819483317868,130.2378118938442,0.05895559493840688,-1.0,39.0,-2.279,-0.218,11.581,9.302
NL-02ZH001,-0.10075622367068895,212.16536877161732,0.063873492075573,-1.0,39.0,-3.829,-0.353,12.769,8.94
NL-02ZK001,-0.12733014936491005,265.66995805188554,0.027578288936964852,-2.0,39.0,-4.839,-0.43,13.684,8.845
NL-02ZM006,-0.08536675210480645,182.26270337314946,0.03665149644520263,-2.0,39.0,-3.244,-0.277,13.322,10.078
NL-03NF001,0.013923395248260712,-26.84882217989752,1.3342564187224237e-05,3.0,39.0,0.543,0.552,0.706,1.249
NL-03QC001,0.007153692603461721,-13.118972284438252,0.09471031294595023,1.0,38.0,0.265,0.224,1.052,1.317
NL-03QC002,0.005668315353530065,-9.97960427588523,0.07768864010631038,1.0,40.0,0.221,0.164,1.238,1.459
NM-07208500,0.08955147854027558,-171.52288857165553,0.002043571859633442,3.0,40.0,3.493,0.469,5.699,9.192
NM-07226500,-0.03921911798573176,79.9827815120097,0.10022254170642159,-0.0,36.0,-1.529,-0.913,2.368,0.839
NM-08267500,0.05184210169045741,-99.19043282902342,0.0006876525266913402,3.0,40.0,2.022,0.458,3.405,5.427
NM-08269000,0.13204624103998897,-257.71028961973934,3.162299672682112e-05,3.0,40.0,5.15,0.833,3.609,8.759
NM-08271000,0.054046989720285446,-103.45618151371102,0.000862775551516759,3.0,40.0,2.108,0.463,3.503,5.611
NM-08324000,0.1945611145648394,-376.57452323142184,0.00022460480641339764,3.0,40.0,7.588,0.619,8.462,16.05
NM-08377900,0.04981050351983714,-95.51388166734172,0.00012365215370307991,3.0,40.0,1.943,0.482,3.061,5.004
NM-08378500,0.09877173830942587,-192.63939340823507,1.0453362398465949e-06,3.0,40.0,3.852,0.81,2.83,6.682
NM-08380500,0.09622323429196974,-184.58040496820288,0.02278569971107325,2.0,40.0,3.753,0.486,5.845,9.598
NM-09386900,-0.4186849849991349,871.6693661644643,0.07225838563548603,-1.0,40.0,-16.329,-0.468,43.092,26.763
NM-09430500,-0.14155706118864222,296.3508966958445,0.0469959595346634,-2.0,40.0,-5.52,-0.41,16.209,10.689
NM-09430600,-0.21067640833893722,437.9217234152286,0.045071986597325614,-2.0,40.0,-8.216,-0.487,20.993,12.777
NS-01DG003,-0.10064559081919568,214.09878492112796,0.056599730684198823,-1.0,39.0,-3.824,-0.294,14.921,11.097
NS-01DL001,-0.10897049808613794,231.32367500526473,0.02990403190052979,-2.0,37.0,-4.141,-0.305,15.671,11.53
NS-01DP004,-0.11391033153226522,239.84311122544545,0.03664237864731855,-2.0,37.0,-4.329,-0.355,14.415,10.086
NS-01EC001,-0.11576219054599782,244.6846063043387,0.009796386792646019,-3.0,40.0,-4.514,-0.339,15.591,11.077
NS-01ED005,-0.0785914838518431,170.81157399085495,0.07663571064755986,-1.0,35.0,-3.065,-0.222,15.279,12.214
NS-01ED007,-0.13141069055041701,276.31238734019297,0.020640775213703246,-2.0,40.0,-5.125,-0.374,16.251,11.126
NS-01EF001,-0.1336666258835097,281.3882419351849,0.028936092107458976,-2.0,40.0,-5.213,-0.366,16.862,11.649
NS-01EO001,-0.12501270468713338,262.1755189774369,0.01223755964991326,-2.0,40.0,-4.875,-0.395,14.775,9.9
NS-01FA001,-0.08657861989211439,183.10586430331102,0.016841947914742916,-2.0,40.0,-3.377,-0.335,11.767,8.39
NS-01FB001,-0.054110833102468905,115.1727609976035,0.1708576597158401,-0.0,40.0,-2.11,-0.3,8.087,5.977
NS-01FB003,-0.014976473742433435,39.83661856757331,0.175154912082209,-0.0,40.0,-0.584,-0.059,10.198,9.614
NT-07OB001,0.008144535258166738,-15.855795364912831,0.0012152381073411989,3.0,38.0,0.31,0.748,0.262,0.572
NT-07RD001,0.008691723116552913,-10.917260280002274,0.11007984703198237,0.0,37.0,0.321,0.05,6.284,6.605
NT-10EB001,0.014635323599920341,-28.039912641108447,8.23404683381046e-07,3.0,38.0,0.542,0.454,0.923,1.465
NT-10FA002,0.009818418667530181,-19.16248457049956,0.007361993338330264,3.0,39.0,0.373,0.82,0.268,0.641
NT-10LA002,0.00937495974432949,-17.92499117790297,0.0004533805155897963,3.0,36.0,0.347,0.43,0.628,0.975
NT-10LC007,0.07249565867226541,-143.82364304885743,3.8473218975709766e-05,3.0,31.0,2.683,2.838,-0.355,2.328
NT-10MC002,0.014517109101599292,-27.840237858932902,0.004081334920728319,3.0,34.0,0.523,0.453,0.889,1.412
NT-10ND002,0.0,0.0,0.5,0.0,30.0,0.0,,0.0,0.0
NT-10PB001,0.014965252702778048,-26.390850380151882,0.02301474200910325,2.0,38.0,0.554,0.158,3.225,3.779
NU-06LC001,-0.003088017105805794,8.160528124104156,0.2469094354967876,-0.0,33.0,-0.111,-0.056,2.049,1.938
NU-10RC001,0.0016929885228144008,-2.7302547011181857,0.25,0.0,30.0,0.063,0.097,0.62,0.683
NV-10244950,0.03454602207316519,-62.68980632176177,0.041400621207653865,2.0,40.0,1.347,0.212,5.677,7.024
NV-10249300,0.05158218507462288,-95.54402059739853,0.043207152712083086,2.0,40.0,2.012,0.267,6.537,8.549
NV-10316500,0.011819329400666784,-21.697921695183226,0.09241243323773363,1.0,40.0,0.46,0.239,1.693,2.153
NV-10329500,0.04806061397330564,-81.245982939899,0.09241243323773363,1.0,40.0,1.874,0.127,13.866,15.74
NV-13161500,0.038444392086026284,-63.367508213044104,0.23496786349859794,0.0,38.0,1.499,0.112,12.714,14.213
NY-01350000,-0.20634006807243976,427.2889507112554,0.01223755964991326,-2.0,40.0,-8.047,-0.539,18.942,10.895
NY-01350080,-0.07573359124716253,166.7476071407717,0.10205372368323903,-0.0,32.0,-2.348,-0.156,16.265,13.917
NY-01350140,-0.22266679469025613,463.23401122255484,0.00873965790444861,-3.0,40.0,-8.684,-0.476,22.576,13.892
NY-01362200,-0.19319160063056637,400.29360191431493,0.01158380024996142,-2.0,40.0,-7.534,-0.531,17.967,10.433
NY-01365000,-0.17125090984033228,355.52594763089076,0.009796386792646019,-3.0,40.0,-6.678,-0.503,16.62,9.942
NY-01413500,-0.16199048285281384,338.24047791930343,0.009796386792646019,-3.0,40.0,-6.317,-0.436,17.661,11.344
NY-01414500,-0.18738324381312665,388.5820746610231,0.0159879945131091,-2.0,40.0,-7.308,-0.518,17.751,10.443
NY-01415000,-0.1381145435452625,291.1453144602959,0.025106293592409366,-2.0,40.0,-5.387,-0.356,17.817,12.43
NY-01423000,-0.17473348889825108,364.8772075025812,0.014387219922848315,-2.0,40.0,-6.815,-0.435,19.08,12.265
NY-01434025,-0.1336798172491842,280.05527927117623,0.03492233165135159,-2.0,35.0,-4.546,-0.362,14.835,10.289
NY-01435000,-0.1626543712934765,337.50366568643466,0.01773308576824925,-2.0,40.0,-6.344,-0.51,15.611,9.267
NY-01510000,-0.2324464233290546,481.5070001252082,0.01158380024996142,-2.0,40.0,-9.066,-0.534,21.496,12.43
NY-04216418,-0.06946891581133662,156.19679218519005,0.10875660696370959,-0.0,40.0,-2.709,-0.156,18.718,16.009
NY-04221000,-0.14548002206400099,307.27441706938856,0.039651519265217205,-2.0,40.0,-5.673,-0.343,19.369,13.696
NY-04224775,-0.13408900074340543,285.14381588102543,0.053130483851264676,-1.0,40.0,-5.23,-0.305,19.782,14.552
NY-04233000,0.0005446516636384148,17.424012361525975,0.2407312734322175,0.0,33.0,0.017,0.001,18.502,18.519
NY-04256000,-0.04157868533006682,94.72758822635913,0.1342254488262196,-0.0,40.0,-1.621,-0.139,12.443,10.822
OH-03140000,0.08528547835807165,-153.7301271949896,0.175154912082209,0.0,40.0,3.326,0.199,15.05,18.376
OH-03144000,0.17165861541341398,-326.6307690597882,0.08050224231142356,1.0,40.0,6.694,0.407,13.082,19.776
OH-03159540,0.004750367075931722,9.354129451537785,0.21531597090532723,0.0,40.0,0.185,0.01,18.755,18.94
OH-03237280,0.14105088904520607,-262.43282137376667,0.07768864010631038,1.0,40.0,5.501,0.283,16.707,22.208
OH-03237500,0.004431271617948507,8.645336129446466,0.2291218614983822,0.0,40.0,0.173,0.01,17.415,17.588
OH-03238500,0.014717287481687907,-12.181382729565389,0.20405369377703364,0.0,33.0,0.471,0.027,16.944,17.415
OH-03241500,0.0867622290411563,-158.70308584662783,0.11221495521601232,0.0,40.0,3.384,0.23,12.999,16.383
OH-04185000,0.014760193736553589,-11.443431317393998,0.210748045955239,0.0,40.0,0.576,0.032,17.767,18.343
OH-04196800,-0.07923072330014178,175.0803888744697,0.23838634343976733,-0.0,40.0,-3.09,-0.185,18.283,15.193
OH-04197100,-0.002781843725282349,22.238860551032026,0.20620115420843865,-0.0,40.0,-0.109,-0.007,16.734,16.625
OH-04197170,0.10764592593165351,-199.17631562732979,0.15730079407796382,0.0,35.0,3.66,0.226,14.393,18.053
OH-04213000,0.013859491214133974,-12.687042700076834,0.210748045955239,0.0,40.0,0.54,0.036,14.741,15.281
OK-07148400,-0.049581425215502614,109.99918816173945,0.17916874324648646,-0.0,39.0,-1.884,-0.173,11.828,9.944
OK-07197000,-0.06520927875647685,144.46236433701827,0.15409375087008964,-0.0,40.0,-2.543,-0.18,15.413,12.87
OK-07301500,0.054911626144141475,-96.54396862274848,0.12295593578600916,0.0,40.0,2.142,0.162,12.126,14.268
OK-07315700,-0.21367317621773993,439.23453682222123,0.030310132972666874,-2.0,40.0,-8.333,-0.683,16.375,8.042
OK-07335700,0.15916888761560422,-303.89464637194163,0.16660104574623197,0.0,40.0,6.207,0.437,11.101,17.308
ON-02AB008,0.027540360426652043,-52.300606753605614,0.21163207070111706,0.0,39.0,1.046,0.384,2.202,3.248
ON-02BF002,0.11133121827702225,-217.0171074535135,0.1837065937691758,0.0,39.0,4.231,0.78,3.307,7.538
ON-02CF008,0.1144204224442342,-218.70940141672355,0.139040853992411,0.0,37.0,4.348,0.437,7.729,12.077
ON-02EA005,0.06872621244700033,-128.01379586984638,0.210748045955239,0.0,40.0,2.681,0.287,7.995,10.676
ON-02EC002,-0.008953615153006475,31.990428953902835,0.21990253534923695,-0.0,40.0,-0.349,-0.025,14.271,13.922
ON-02FB007,-0.07956470793449201,176.18806290573306,0.08338152577208646,-1.0,40.0,-3.104,-0.181,18.73,15.626
ON-02FC001,-0.11531932731676574,248.04326033624127,0.05102447327547527,-1.0,40.0,-4.497,-0.256,19.826,15.329
ON-02GA010,-0.14194528396541928,302.3218530542027,0.030381524279023114,-2.0,39.0,-5.536,-0.298,21.412,15.876
ON-02HL004,-0.085432013883977,186.42516327964552,0.053130483851264676,-1.0,40.0,-3.332,-0.212,17.355,14.023
ON-02JC008,0.09289110638645201,-181.50613996963642,0.07739100307450919,1.0,39.0,3.53,0.863,2.325,5.855
ON-02KB001,0.07289309319738103,-138.73141514119385,0.08947652371619474,1.0,39.0,2.77,0.401,5.524,8.294
ON-02LB007,-0.20880396104366972,438.0592430260632,0.02417746240224113,-2.0,37.0,-8.143,-0.389,24.836,16.693
ON-04DA001,0.0125631989405158,-23.295429763558875,0.14503781142515837,0.0,38.0,0.465,0.258,1.567,2.032
ON-04GA002,-0.00832242554619867,21.138955479580318,0.16412812540621685,-0.0,34.0,-0.316,-0.07,4.669,4.353
ON-04GB004,-0.037412710255608106,78.67283747487,0.01569869068248353,-2.0,38.0,-1.459,-0.373,4.633,3.174
ON-04JC002,0.030568995054524702,-58.54370497755558,0.2337497009926262,0.0,40.0,1.193,0.468,1.952,3.145
ON-04KA001,0.05942332628775165,-117.67334214649654,0.03038152427902313,2.0,39.0,2.259,2.142,-0.075,2.184
ON-04LJ001,0.08880418437253926,-175.00298040011012,0.09927928931429253,1.0,39.0,3.374,1.39,0.741,4.115
ON-04MF001,0.0752963667176952,-148.86219726153186,0.06138000392014953,1.0,39.0,2.862,1.811,0.149,3.011
ON-05PB014,0.024540055996268868,-44.80612198353914,0.15880684841803794,0.0,34.0,0.883,0.207,3.808,4.691
OR-10396000,-0.04215911739527543,94.70431666053673,0.15001807311591375,-0.0,40.0,-1.644,-0.157,11.271,9.627
OR-13331500,0.05020292538363845,-93.54254236021228,0.09555303794039538,1.0,40.0,1.958,0.288,5.809,7.767
OR-14020000,0.030873497667564538,-44.72347373488702,0.5,0.0,40.0,1.204,0.071,16.375,17.579
OR-14092750,-0.01069606193761934,30.653414672263803,0.11758785452192402,-0.0,36.0,-0.374,-0.04,9.443,9.069
OR-14096850,0.0027053337549419985,10.039810093983295,0.14735884513134304,0.0,35.0,0.092,0.006,15.407,15.499
OR-14137000,0.03656429929542235,-61.762988140718875,0.11573487201152033,0.0,40.0,1.426,0.126,10.598,12.024
OR-14138800,0.04300470730570859,-74.17276768856954,0.13809412631587598,0.0,40.0,1.677,0.142,10.934,12.611
OR-14138870,0.07079672416568784,-129.43306219695108,0.04897986950744804,2.0,40.0,2.761,0.229,10.674,13.435
OR-14138900,0.03280040637133571,-54.10546916792407,0.1266551423761152,0.0,40.0,1.279,0.112,10.807,12.086
OR-14139800,0.07474140044843466,-137.21710205171345,0.03473957364268826,2.0,40.0,2.915,0.24,10.696,13.611
OR-14141500,0.05243494503489537,-92.78639561786605,0.08050224231142356,1.0,40.0,2.045,0.17,10.982,13.027
OR-14154500,0.16400440676687272,-313.2379984855318,0.006133698406580235,3.0,40.0,6.396,0.44,11.327,17.723
OR-14158500,-0.03887589123144191,88.28202498600946,0.0469959595346634,-2.0,40.0,-1.517,-0.143,11.347,9.83
OR-14158790,0.017217881112206165,-21.26545778911681,0.2245053155330704,0.0,40.0,0.671,0.051,12.809,13.48
OR-14166500,0.12017730266401819,-224.56492447361242,0.025106293592409346,2.0,40.0,4.687,0.3,13.266,17.953
OR-14182500,0.0811779758982849,-149.56503946283647,0.03473957364268826,2.0,40.0,3.166,0.25,11.086,14.252
OR-14185000,0.09690981929560431,-180.24175979524506,0.025106293592409346,2.0,40.0,3.779,0.281,11.543,15.322
OR-14185900,0.09037185814975122,-166.7999653258523,0.057529343739555316,1.0,40.0,3.524,0.255,12.046,15.57
OR-14187000,0.10335750732774879,-191.4622541088284,0.06716605760597727,1.0,30.0,2.997,0.192,14.116,17.113
OR-14301000,0.0824021895810016,-150.55245563307838,0.07768864010631038,1.0,40.0,3.214,0.227,12.521,15.735
OR-14303200,0.07869748256213453,-143.84287659471826,0.10252991696337355,0.0,35.0,2.676,0.196,12.293,14.969
OR-14305500,0.05834728752806918,-103.37328344262812,0.10202760511526487,0.0,40.0,2.276,0.172,12.096,14.372
OR-14306340,0.15884157099375518,-302.9132430541935,0.029562720972259038,2.0,35.0,5.401,0.362,12.228,17.629
OR-14306500,0.09887708566398597,-182.95041409681187,0.03031013297266688,2.0,40.0,3.857,0.263,12.727,16.584
OR-14308990,0.07544943377822602,-133.7956583799815,0.098526787202519,1.0,33.0,2.414,0.14,16.047,18.461
OR-14309500,0.22124681201766153,-425.14060203088957,0.023923477087909817,2.0,40.0,8.628,0.507,12.707,21.335
OR-14316700,0.1364838865336454,-257.7072425242482,0.015987994513109116,2.0,40.0,5.323,0.354,12.394,17.717
OR-14325000,0.15541387894468106,-294.7523982376723,0.0196313777316367,2.0,40.0,6.061,0.383,12.812,18.873
OR-14362250,0.0895400971230208,-159.09930262803567,0.16751913534640311,0.0,35.0,3.045,0.152,18.548,21.593
OR-14400000,0.12477208227687653,-234.16043766765642,0.02278569971107325,2.0,40.0,4.866,0.32,12.764,17.63
PA-01439500,-0.09376933068470084,201.43089872262422,0.10202760511526487,-0.0,40.0,-3.657,-0.261,15.861,12.204
PA-01440400,-0.09323918556153912,200.50461468911283,0.07768864010631041,-1.0,40.0,-3.636,-0.257,15.984,12.348
PA-01451800,-0.04249152475355744,99.37490107504128,0.21531597090532723,-0.0,40.0,-1.657,-0.115,15.284,13.627
PA-01516500,-0.07953886165280213,177.49234091571768,0.08338152577208646,-1.0,40.0,-3.102,-0.167,20.085,16.983
PA-01518862,-0.08610419081562803,189.33649055612813,0.10252991696337352,-0.0,35.0,-2.928,-0.172,18.506,15.578
PA-01532000,-0.12889544187398627,274.5455635681022,0.02761149809101351,-2.0,40.0,-5.026,-0.297,19.461,14.435
PA-01539000,-0.07291766379246539,160.01630352708676,0.07768864010631041,-1.0,40.0,-2.844,-0.199,15.712,12.868
PA-01542810,-0.12748960941144072,271.8438022001539,0.03795894045663839,-2.0,40.0,-4.972,-0.292,19.542,14.57
PA-01543000,-0.06613224476429952,148.4134603404015,0.08050224231142353,-1.0,40.0,-2.579,-0.159,17.538,14.959
PA-01543500,-0.06336753338455159,143.2879895940736,0.09555303794039541,-1.0,40.0,-2.472,-0.148,17.884,15.412
PA-01544500,-0.12363337301416531,263.52621406272533,0.030310132972666874,-2.0,40.0,-4.822,-0.293,18.856,14.034
PA-01545600,-0.09759935226071847,211.21268153936444,0.0469959595346634,-2.0,40.0,-3.807,-0.236,18.064,14.257
PA-01547700,-0.05772346631716274,134.20393992795078,0.14599188355158327,-0.0,40.0,-2.251,-0.119,19.969,17.718
PA-01548500,-0.1366472352794601,289.5223064342094,0.0363219472738168,-2.0,40.0,-5.329,-0.324,19.097,13.768
PA-01549500,-0.11237084920715529,240.78899063310683,0.030310132972666874,-2.0,40.0,-4.382,-0.27,18.407,14.025
PA-01550000,-0.13524212056583984,285.44175697212825,0.014387219922848315,-2.0,40.0,-5.275,-0.348,17.798,12.523
PA-01552000,-0.11750365514632038,249.0712377986554,0.028936092107458976,-2.0,40.0,-4.583,-0.322,16.532,11.949
PA-01552500,-0.10852100296362398,230.67449633562467,0.05982337794139614,-1.0,40.0,-4.232,-0.307,15.911,11.679
PA-01557500,-0.07382959437280988,165.41377954026606,0.06964151241423616,-1.0,40.0,-2.879,-0.161,19.305,16.426
PA-01564500,-0.08492969051120737,187.9004663683246,0.13041203721113082,-0.0,40.0,-3.313,-0.182,19.825,16.512
PA-01567500,-0.07088885847293343,156.90286866756102,0.15821728557165676,-0.0,40.0,-2.765,-0.182,16.614,13.849
PA-01568000,-0.08321285344332323,182.49911211915585,0.13041203721113082,-0.0,40.0,-3.245,-0.2,17.821,14.576
PA-01613050,-0.09428167770730544,206.21447593670646,0.09241243323773363,-1.0,40.0,-3.677,-0.207,19.631,15.954
PA-03010655,-0.10169725352626945,218.79592210503867,0.08933679840268927,-1.0,40.0,-3.966,-0.255,17.537,13.571
PA-03011800,-0.06887911311952422,152.1517333466919,0.11573487201152036,-0.0,40.0,-2.686,-0.185,15.84,13.154
PA-03015500,-0.0752302755687478,165.52702425619702,0.045071986597325614,-2.0,40.0,-2.934,-0.193,16.646,13.712
PA-03021350,-0.0866383058913149,189.157939737111,0.041400621207653865,-2.0,40.0,-3.379,-0.211,17.701,14.322
PA-03026500,-0.09414183726457649,202.94499265088115,0.06964151241423616,-1.0,40.0,-3.671,-0.248,16.638,12.967
PA-03028000,-0.0775236933605709,169.93270279534818,0.10536059473564324,-0.0,40.0,-3.023,-0.202,16.513,13.49
PA-03049000,0.0350618272863064,-53.55478515567195,0.18827053398397403,0.0,40.0,1.367,0.083,15.833,17.2
PA-03049800,-0.038242133332912924,92.70898480152373,0.17949083594439996,-0.0,40.0,-1.492,-0.092,17.028,15.536
PA-04213075,0.07446326312696416,-134.55307903027517,0.11148914528843401,0.0,32.0,2.309,0.159,13.405,15.714
PE-01CA003,-0.036192806818312946,84.39506092639837,0.10268567618027483,-0.0,39.0,-1.375,-0.114,12.769,11.394
PE-01CB004,-0.059332071798603545,133.4918755044124,0.14503781142515837,-0.0,38.0,-2.255,-0.151,16.074,13.819
QC-02LG005,0.10143514729802737,-198.59290113708963,0.06239520050992908,1.0,32.0,3.348,0.883,2.147,5.495
QC-02NF003,0.06485775314637897,-124.12060171252058,0.23817873366266434,0.0,34.0,2.14,0.404,4.233,6.373
QC-02OE027,-0.15630651097148465,326.8266129667765,0.11638722176328217,-0.0,32.0,-5.158,-0.343,17.496,12.338
QC-02PB006,0.003437736281116933,-3.4366564586940136,0.19171419205972082,0.0,34.0,0.113,0.033,3.367,3.48
QC-02QA002,-0.0068293383963683,17.115968927815473,0.22840752591004654,-0.0,33.0,-0.226,-0.065,3.601,3.375
QC-02RF001,0.043741064531160966,-84.55038805433496,0.04801144459828355,2.0,34.0,1.444,0.528,2.013,3.457
QC-02RG005,0.03295291799037803,-62.86534287638891,0.10161083448213526,0.0,34.0,1.088,0.376,2.348,3.436
QC-02UC002,0.0008497863416614731,0.1243403080016956,0.025687991994251036,2.0,31.0,0.028,0.015,1.806,1.834
QC-02VC001,0.013547940382781357,-24.941444081999585,0.046957554606827434,2.0,33.0,0.447,0.214,1.87,2.317
QC-04NA001,0.041906183833046916,-80.2266548228074,0.09752003819053723,1.0,32.0,1.383,0.408,2.706,4.089
RI-01117468,0.02340656128061047,-31.95231760699646,0.1623869745640591,0.0,40.0,0.913,0.062,14.369,15.282
SC-02110500,-0.2819828155864175,578.7488143092478,0.009255186916476333,-3.0,40.0,-10.998,-0.723,20.705,9.707
SD-05291000,-0.5988963664229654,1220.2458848298404,0.004797004134321973,-3.0,40.0,-23.357,-1.0,35.03,11.673
SD-06360500,-0.1254514906257656,275.5365038929403,0.1708576597158401,-0.0,40.0,-4.893,-0.197,27.268,22.375
SD-06404000,-0.12536744186051388,258.1461376299046,0.08338152577208646,-1.0,40.0,-4.889,-0.643,10.044,5.155
SD-06406000,-0.02890386637710457,63.97949734510157,0.15821728557165676,-0.0,40.0,-1.128,-0.181,6.779,5.651
SD-06408700,0.008203238725978203,-8.07415440802725,0.19955995311430086,0.0,35.0,0.279,0.034,8.185,8.464
SD-06409000,-0.009545184983958161,27.65354357265986,0.1266551423761152,-0.0,40.0,-0.373,-0.043,8.764,8.391
SD-06422500,-0.11652317910624937,241.2640487209357,0.04897986950744801,-2.0,40.0,-4.545,-0.542,10.665,6.12
SD-06431500,0.0065950610647023955,-5.482659148664411,0.192710086316148,0.0,40.0,0.257,0.033,7.569,7.826
SD-06440200,-0.4199565677159315,857.9069648929691,0.07110286690551185,-1.0,30.0,-12.178,-0.737,22.613,10.435
SD-06441500,0.1364278776802678,-249.34839824360043,0.1708576597158401,0.0,40.0,5.321,0.228,20.642,25.963
SD-06447000,-0.16736133638886538,349.56428538453196,0.15821728557165676,-0.0,40.0,-6.527,-0.432,18.356,11.829
SD-06447500,-0.03150469550070289,80.19425239067411,0.17949083594439996,-0.0,40.0,-1.228,-0.071,17.846,16.618
SD-06450500,-0.019162061406001893,52.03108456987751,0.188270533983974,-0.0,40.0,-0.747,-0.054,14.109,13.362
SD-06452000,-0.1522443009627258,321.9795781740806,0.08338152577208646,-1.0,40.0,-5.937,-0.335,20.688,14.751
SD-06464500,-0.09052200472305993,196.5080307584778,0.10202760511526487,-0.0,40.0,-3.53,-0.226,17.365,13.835
SD-06477500,-0.47595238470317486,972.7546758589717,0.08050224231142353,-1.0,40.0,-18.562,-0.861,30.845,12.283
SD-06479215,-0.6411132368249991,1306.3787194149065,0.029022964251805356,-2.0,34.0,-21.157,-0.912,33.769,12.612
SD-06479438,-0.2905402829859703,603.4775714057716,0.10202760511526487,-0.0,40.0,-11.331,-0.496,28.498,17.167
SK-06BD001,0.009481085760875495,-15.111701415871662,0.17467055899560907,0.0,39.0,0.361,0.094,3.651,4.012
SK-06CD002,-0.01375816349579356,33.53701320788468,0.08030626605499339,-1.0,39.0,-0.523,-0.086,6.31,5.787
SK-06DA004,-0.03651803187076112,78.46702358893195,0.020379313955199964,-2.0,39.0,-1.388,-0.252,6.198,4.81
SK-07LE002,0.00783719828229391,-9.817815889728672,0.15730079407796382,0.0,35.0,0.298,0.051,5.692,5.99
TN-03498500,-0.04778666833546474,110.49983685156502,0.20620115420843868,-0.0,40.0,-1.864,-0.124,15.93,14.066
TN-03604000,-0.0326511790268276,78.82603486143753,0.15409375087008964,-0.0,40.0,-1.273,-0.094,14.209,12.936
TX-07299670,0.012550244710584923,-18.416951546431832,0.23838634343976733,0.0,40.0,0.489,0.073,6.42,6.909
TX-07315200,-0.07305237708677059,159.32801968178737,0.07761744412148797,-1.0,40.0,-2.849,-0.214,14.757,11.908
TX-07346045,0.2654328633060206,-511.61937200434284,0.027611498091013487,2.0,40.0,10.352,0.549,13.672,24.024
TX-08029500,0.07609784914415116,-139.29700810173637,0.18386340452929367,0.0,40.0,2.967,0.232,11.301,14.268
TX-08050800,-0.09617132441107758,206.26179052212538,0.09015683549719941,-1.0,33.0,-3.078,-0.224,15.266,12.188
TX-08066200,-0.034931320485877757,83.69984786520071,0.2476760074307937,-0.0,40.0,-1.363,-0.098,14.571,13.208
TX-08066300,-0.021161270935221608,54.64153963178753,0.2291218614983822,-0.0,40.0,-0.825,-0.067,12.763,11.938
TX-08070000,0.018176886762920397,-24.095174237664487,0.20524313557713592,0.0,38.0,0.709,0.058,11.877,12.586
TX-08070200,-0.07960451545383877,171.85685625434326,0.16412812540621685,-0.0,34.0,-2.627,-0.21,13.842,11.215
TX-08079600,0.051532821395567155,-100.26802901460368,0.1478201430003812,0.0,40.0,2.01,0.739,1.715,3.725
TX-08082700,-0.10007917431678975,204.68306777467433,0.1379265924177599,-0.0,40.0,-3.903,-0.835,6.626,2.723
TX-08086212,-0.1921177247024761,392.34644633269477,0.01458372178100459,-2.0,40.0,-7.492,-0.892,12.145,4.653
TX-08086290,-0.22793252924613094,463.45108044641785,0.03620809548368501,-2.0,40.0,-8.89,-1.121,12.373,3.483
TX-08101000,-0.1696874440331113,354.01700303180684,0.053130483851264676,-1.0,40.0,-6.618,-0.444,18.206,11.588
TX-08103900,0.07669775701184042,-139.5683036200768,0.23142991611492367,0.0,40.0,2.991,0.218,12.217,15.208
TX-08104900,0.12627432585712292,-240.5160417132679,0.21531597090532723,0.0,40.0,4.925,0.416,9.381,14.306
TX-08109700,0.006943844272208202,-1.512358001994313,0.24302928396043333,0.0,40.0,0.27,0.022,12.23,12.5
TX-08150800,-0.04964991983454536,110.39140004762046,0.17949083594439996,-0.0,40.0,-1.936,-0.173,12.134,10.198
TX-08155200,0.008924300801049072,-6.250287279565473,0.23456200365115323,0.0,33.0,0.348,0.03,11.411,11.759
TX-08158700,0.11993483640063682,-227.48598087995154,0.13233114748922042,0.0,39.0,4.558,0.372,9.985,14.543
TX-08158810,0.13166895950288418,-251.31785759481016,0.12840182312192117,0.0,39.0,5.003,0.421,9.387,14.39
TX-08164000,0.1966141757834716,-382.71094838416957,0.07768864010631038,1.0,40.0,7.667,0.75,6.389,14.056
TX-08164300,0.09089468640026471,-170.0837439389794,0.08338152577208646,1.0,40.0,3.545,0.306,9.797,13.342
TX-08164600,0.2146081343588583,-419.88702771272705,0.13809412631587598,0.0,40.0,8.37,0.929,4.822,13.192
TX-08165300,0.04733552902817982,-87.13713637981508,0.027611498091013487,2.0,40.0,1.846,0.247,6.54,8.386
TX-08171300,0.044060366042507564,-77.21281682261052,0.23606613388426576,0.0,40.0,1.718,0.158,9.983,11.701
TX-08175000,0.014885033626414673,-18.927047505970783,0.12295593578600916,0.0,40.0,0.581,0.054,10.53,11.111
TX-08176900,-0.13129338172865598,272.07047126363153,0.09300770518492482,-1.0,38.0,-5.121,-0.524,12.241,7.12
TX-08178880,0.07386989297138626,-137.25616086257412,0.21486303267208395,0.0,36.0,2.585,0.246,9.228,11.813
TX-08189500,0.13938311771351328,-269.6485841505158,0.2476760074307937,0.0,40.0,5.436,0.61,6.191,11.627
TX-08190000,-0.031758804485868146,71.40803061067126,0.21990253534923695,-0.0,40.0,-1.238,-0.156,8.557,7.319
TX-08190500,-0.29827998063509564,602.2578799381714,0.1499148008014144,-0.0,40.0,-11.633,-1.893,11.962,0.329
TX-08194200,0.015678124242065022,-28.4760128896268,0.19166678630893363,0.0,40.0,0.611,0.214,2.551,3.162
TX-08195000,-0.0096830374666028,27.28856631152727,0.23838634343976733,-0.0,40.0,-0.378,-0.048,8.126,7.748
TX-08196000,-0.06290096374843021,133.47068777553363,0.08050224231142353,-1.0,40.0,-2.453,-0.316,8.99,6.537
TX-08198500,0.10095813067316993,-194.7012471993964,0.23838634343976733,0.0,40.0,3.937,0.557,5.095,9.032
TX-08200000,0.09520120495773558,-180.59210537501855,0.17949083594439996,0.0,40.0,3.713,0.384,7.811,11.524
TX-08202700,-0.07419070877196021,149.59061960122787,0.06860789665334485,-1.0,40.0,-2.893,-2.191,2.767,-0.126
UT-09183500,0.06310716786631712,-120.66849284577222,0.0896800425512414,1.0,31.0,1.893,0.33,4.789,6.682
UT-09312600,0.21278854779850853,-418.043717912755,0.003968886785344794,3.0,40.0,8.299,1.15,3.065,11.364
UT-09378170,-0.0850219639338084,179.8107259387379,0.06287390654988342,-1.0,33.0,-2.721,-0.284,10.957,8.236
UT-09378630,0.18532386165936887,-354.2523856595509,0.16871895142857507,0.0,40.0,7.227,0.448,12.504,19.731
UT-09404450,0.06279492863085434,-111.99551169324795,0.039651519265217205,2.0,40.0,2.449,0.181,12.276,14.725
UT-10023000,-0.0698397610848857,148.1802483133586,0.1317745777571888,-0.0,32.0,-2.165,-0.26,9.409,7.244
UT-10166430,0.01874047846094261,-34.79281310895965,0.11148914528843398,0.0,32.0,0.58,0.212,2.445,3.025
UT-10172200,0.045028695082304684,-79.30700884556124,0.09241243323773363,1.0,40.0,1.756,0.164,9.805,11.561
UT-10172700,0.053835594749833085,-98.59906426631477,0.0042297634981962595,3.0,40.0,2.099,0.233,7.942,10.041
UT-10172800,0.018752420548118667,-32.18810567148236,0.13809412631587598,0.0,40.0,0.731,0.138,4.923,5.654
UT-10173450,0.02986256597677415,-56.677513495795715,0.057529343739555316,1.0,40.0,1.164,0.388,2.421,3.585
UT-10205030,0.03270266499835727,-60.93772224468122,0.03031013297266688,2.0,40.0,1.275,0.289,3.781,5.056
UT-10234500,0.05622266805040974,-107.78631192077876,0.0016584406034111931,3.0,40.0,2.193,0.479,3.478,5.671
UT-10242000,0.08323280347173564,-160.16309857830836,0.001001129775664411,3.0,40.0,3.246,0.525,4.555,7.801
VA-01620500,-0.09614547721217147,209.16766955812622,0.11931550877026278,-0.0,40.0,-3.75,-0.22,18.896,15.146
VA-01632000,-0.07090399419237801,158.9394571970201,0.1342254488262196,-0.0,40.0,-2.765,-0.16,18.62,15.855
VA-01632900,-0.06143751605294034,137.64879660910523,0.11573487201152036,-0.0,40.0,-2.396,-0.161,16.064,13.668
VA-01634500,-0.05103921639472994,119.47863496536408,0.12295593578600916,-0.0,40.0,-1.991,-0.114,18.472,16.481
VA-01638480,-0.0555693775919881,127.61789691504747,0.08632642436202548,-1.0,40.0,-2.167,-0.131,17.646,15.479
VA-01644000,-0.07368041233806334,163.1954767302188,0.057529343739555344,-1.0,40.0,-2.874,-0.18,17.382,14.508
VA-01658500,-0.025254000341718527,66.32803883580692,0.175154912082209,-0.0,40.0,-0.985,-0.062,16.35,15.365
VA-01664000,-0.048322659954325976,110.6368091035131,0.10536059473564324,-0.0,40.0,-1.884,-0.134,15.006,13.122
VA-01666500,-0.037145659396692614,87.13810312277333,0.14599188355158327,-0.0,40.0,-1.449,-0.112,13.627,12.178
VA-01667500,-0.05116032128038651,115.46255653872129,0.1122149552160123,-0.0,40.0,-1.995,-0.151,14.216,12.221
VA-01669000,-0.10689302427449746,227.3565465801641,0.041400621207653865,-2.0,40.0,-4.169,-0.304,15.815,11.646
VA-01669520,-0.17025535558340585,354.51713547082875,0.022892394412536897,-2.0,37.0,-6.129,-0.438,17.071,10.942
VA-02011400,-0.052863803931076536,122.49693697988451,0.13809412631587598,-0.0,40.0,-2.061,-0.122,17.879,15.818
VA-02011460,-0.01922365595381008,56.31755369494533,0.1623869745640591,-0.0,40.0,-0.75,-0.042,18.274,17.524
VA-02013000,-0.060368703465821544,138.93466299234032,0.1623869745640591,-0.0,40.0,-2.354,-0.129,19.465,17.111
VA-02014000,-0.09313952425286368,202.97841286633377,0.10875660696370959,-0.0,40.0,-3.632,-0.216,18.655,15.023
VA-02015700,-0.07170938203291177,158.7970541049875,0.10536059473564324,-0.0,40.0,-2.796,-0.181,16.884,14.088
VA-02016000,-0.05599352051916097,128.16925132778061,0.1708576597158401,-0.0,40.0,-2.184,-0.134,17.358,15.174
VA-02017500,-0.08417331778666995,185.15781576878888,0.09555303794039541,-1.0,40.0,-3.283,-0.194,18.579,15.296
VA-02018000,-0.08498648009801359,186.2183266521392,0.13809412631587598,-0.0,40.0,-3.314,-0.202,18.03,14.716
VA-02027000,-0.09316386856204462,200.02945523740826,0.05982337794139614,-1.0,40.0,-3.633,-0.262,15.658,12.025
VA-02027500,-0.08941357544649339,192.07506170451336,0.06708988220731324,-1.0,40.0,-3.488,-0.261,15.126,11.638
VA-02028500,-0.09230956582918597,198.6880404216852,0.07225838563548603,-1.0,40.0,-3.6,-0.253,16.007,12.407
VA-02038850,-0.04083271965357665,95.69275121550352,0.0749407132823953,-1.0,40.0,-1.593,-0.113,14.885,13.292
VA-02046000,-0.10641111307392982,229.80149753074915,0.10202760511526487,-0.0,40.0,-4.15,-0.242,19.214,15.064
VA-02051000,-0.13078245056652257,277.2523771009524,0.06185739833297196,-1.0,38.0,-5.101,-0.324,18.434,13.333
VA-02051500,-0.1296536838994125,275.32459316053905,0.10892747818789453,-0.0,38.0,-5.057,-0.31,18.74,13.683
VA-02053800,-0.10301767057209958,220.1263621007925,0.06964151241423616,-1.0,40.0,-4.017,-0.282,16.254,12.237
VA-02055100,-0.0599307485727043,133.78917973638767,0.06708988220731324,-1.0,40.0,-2.337,-0.167,15.186,12.849
VA-02056900,-0.11289996571694666,238.51743703960304,0.022785699711073262,-2.0,40.0,-4.403,-0.342,15.088,10.685
VA-02059500,-0.08829870981749624,189.3920264731619,0.04320715271208311,-2.0,40.0,-3.444,-0.266,14.649,11.205
VA-02064000,-0.041916961458905035,97.39726603984958,0.11266513145595752,-0.0,38.0,-1.635,-0.12,14.444,12.809
VA-02065500,-0.033961490143063586,81.57855149460752,0.1266551423761152,-0.0,40.0,-1.325,-0.097,14.369,13.044
VA-02069700,-0.07417627721433376,159.6766243692357,0.041400621207653865,-2.0,40.0,-2.893,-0.253,12.882,9.989
VA-02070000,-0.09911974729358047,209.8416856962598,0.0159879945131091,-2.0,40.0,-3.866,-0.329,13.684,9.818
VA-02074500,-0.11792518240339121,248.5991961617656,0.025106293592409366,-2.0,40.0,-4.599,-0.356,15.225,10.626
VA-03164000,-0.0831653501186706,178.68344473099677,0.05529856799556315,-1.0,40.0,-3.243,-0.26,14.099,10.856
VA-03165000,-0.08644853692265385,183.91053174602231,0.026335264641169302,-2.0,40.0,-3.372,-0.303,12.829,9.457
VA-03170000,-0.07069505877624051,153.46661132124726,0.03795894045663839,-2.0,40.0,-2.757,-0.226,13.561,10.804
VA-03173000,-0.03957064498954908,96.55772270318927,0.10202760511526487,-0.0,40.0,-1.543,-0.088,18.247,16.704
VA-03471500,-0.049398073367065316,114.419147614335,0.14201674021284805,-0.0,40.0,-1.926,-0.123,16.66,14.734
VA-03473000,-0.04003534022110899,94.90439880308794,0.14201674021284805,-0.0,40.0,-1.561,-0.105,15.674,14.113
VA-03488000,0.007196965702723182,2.4141225898907113,0.24302928396043333,0.0,40.0,0.281,0.017,16.657,16.938
VT-01134500,-0.08301396596781051,175.76792617999175,0.09241243323773363,-1.0,40.0,-3.237,-0.328,11.483,8.246
VT-01139000,-0.09284669888096074,196.3519539955045,0.08338152577208646,-1.0,40.0,-3.621,-0.335,12.608,8.987
VT-01139800,-0.0576652282761582,124.7591354880817,0.07768864010631041,-1.0,40.0,-2.249,-0.236,10.64,8.391
VT-01142500,-0.1148119007613683,242.11876781781274,0.028936092107458976,-2.0,40.0,-4.478,-0.354,14.906,10.428
VT-01144000,-0.10720291405003937,226.68631868297285,0.041400621207653865,-2.0,40.0,-4.181,-0.336,14.532,10.351
VT-01150900,-0.1615209332308583,334.79129643050817,0.027099864367777355,-2.0,32.0,-5.33,-0.46,14.172,8.842
VT-04296000,-0.11863483192848169,249.12808721140377,0.02761149809101351,-2.0,40.0,-4.627,-0.384,14.35,9.723
WA-12013500,0.10026105083058023,-186.76722894018835,0.06708988220731327,1.0,40.0,3.911,0.287,11.649,15.56
WA-12020000,0.08823828604232306,-162.7636110380797,0.06708988220731327,1.0,40.0,3.441,0.253,11.86,15.301
WA-12025000,0.026427639671911543,-39.23936130941241,0.18594164307116018,0.0,38.0,1.031,0.076,13.061,14.092
WA-12025700,0.08910683438977883,-164.6244833334391,0.045071986597325586,2.0,40.0,3.475,0.258,11.718,15.193
WA-12035000,0.05904216447763367,-105.41228067516883,0.1623869745640591,0.0,40.0,2.303,0.183,11.432,13.735
WA-12040500,0.08165477947079511,-152.19090740940814,0.07768864010631038,1.0,40.0,3.184,0.29,9.404,12.588
WA-12041200,0.04761444650715859,-85.8948074821253,0.13809412631587598,0.0,40.0,1.857,0.2,8.334,10.191
WA-12043000,0.08794321855877704,-163.41454396559536,0.08354890780251578,1.0,35.0,3.43,0.273,10.625,14.055
WA-12048000,-0.008181493757932654,23.728350510674584,0.15409375087008964,-0.0,40.0,-0.319,-0.043,7.537,7.218
WA-12054000,0.0028719396815789903,3.187741734004037,0.20620115420843868,0.0,40.0,0.112,0.013,8.871,8.983
WA-12056500,-0.012450618492747811,34.37287090946309,0.15001807311591375,-0.0,40.0,-0.485,-0.051,9.733,9.248
WA-12073500,0.019067361459441226,-25.50502841817915,0.21531597090532723,0.0,40.0,0.744,0.059,12.229,12.973
WA-12082500,0.026846625459224813,-45.16266830455621,0.21990253534923695,0.0,40.0,1.047,0.123,7.967,9.014
WA-12092000,0.03912384575131065,-71.11536237229018,0.21531597090532723,0.0,40.0,1.526,0.216,6.311,7.837
WA-12095000,0.10044014409095753,-189.60825910879709,0.0988561741867261,1.0,31.0,3.013,0.26,10.067,13.08
WA-12114500,-0.0077113664765169,24.93258023523555,0.175154912082209,-0.0,40.0,-0.301,-0.032,9.672,9.371
WA-12115000,-0.008750437172922447,27.16811517000262,0.21990253534923695,-0.0,40.0,-0.341,-0.035,9.851,9.51
WA-12115500,0.03033161962207707,-50.75025341684338,0.23838634343976733,0.0,40.0,1.183,0.12,9.276,10.459
WA-12117000,0.02479434150830396,-37.83925363347219,0.24302928396043333,0.0,40.0,0.967,0.083,11.229,12.196
WA-12141300,0.03452048136317799,-60.52861892939181,0.16271125736308267,0.0,38.0,1.347,0.159,7.787,9.134
WA-12143600,0.018766933664661815,-28.289764551768535,0.25,0.0,35.0,0.638,0.069,8.944,9.582
WA-12144000,0.017638883780071474,-25.793679647076534,0.24408676913160948,0.0,34.0,0.582,0.061,9.22,9.802
WA-12145500,0.08632220708364428,-160.0535124070495,0.10202760511526487,0.0,40.0,3.367,0.27,10.778,14.145
WA-12147500,0.04389984863029572,-77.51541974224057,0.24217542969606248,0.0,37.0,1.581,0.156,9.362,10.943
WA-12147600,0.0567368544635974,-104.79437396037952,0.2291218614983822,0.0,40.0,2.213,0.257,7.488,9.701
WA-12167000,0.07121171956777814,-131.81910472581106,0.041400621207653865,2.0,40.0,2.777,0.265,9.109,11.886
WA-12175500,-0.0016554700861859722,6.799084284765451,0.1342254488262196,-0.0,40.0,-0.065,-0.019,3.523,3.458
WA-12178100,0.01129212416191908,-16.536999497695508,0.2337497009926262,0.0,40.0,0.441,0.073,5.81,6.251
WA-12186000,0.01909913599236537,-31.185301235152433,0.23838634343976733,0.0,40.0,0.745,0.107,6.612,7.357
WA-12189500,0.023215201966857477,-39.18457641034185,0.24302928396043333,0.0,40.0,0.906,0.126,6.758,7.664
WA-12447390,0.03944118093982988,-77.1318522366491,0.013991321587821182,2.0,39.0,1.499,0.897,0.922,2.421
WA-12451000,-0.009178378755075687,22.31015338692584,0.08933679840268927,-1.0,40.0,-0.358,-0.09,4.146,3.788
WA-12488500,-0.011483388480575417,30.145188268722528,0.09241243323773363,-1.0,40.0,-0.448,-0.062,7.42,6.972
WA-14216500,-0.07139729326981688,156.03207371578722,0.08354890780251581,-1.0,35.0,-2.428,-0.184,14.38,11.952
WA-14222500,0.06589015528464492,-118.18561589939952,0.11221495521601232,0.0,40.0,2.57,0.19,12.211,14.781
WA-14236200,0.06020894487647006,-107.57996355787326,0.10536059473564324,0.0,40.0,2.348,0.184,11.574,13.922
WI-04024430,0.004050570062952256,2.2390962956734626,0.17949083594439996,0.0,40.0,0.158,0.015,10.255,10.413
WI-04027000,0.0026169592496474636,6.437533527688614,0.210748045955239,0.0,40.0,0.103,0.009,11.616,11.719
WI-04063700,0.06512847210906356,-122.99383554725232,0.175154912082209,0.0,40.0,2.54,0.354,5.895,8.435
WI-04074950,0.003855701465750838,1.2812777748186672,0.14937136357387215,0.0,38.0,0.143,0.016,8.919,9.062
WI-05362000,-0.025748298524330106,64.43551464707906,0.1342254488262196,-0.0,40.0,-1.005,-0.077,13.48,12.475
WI-05393500,0.012014868422095263,-12.242982828184651,0.175154912082209,0.0,40.0,0.469,0.04,11.534,12.003
WI-05399500,-0.02751552613993932,76.9127992499858,0.18386340452929367,-0.0,40.0,-1.074,-0.049,22.46,21.386
WI-05408000,-0.09561647887709698,202.8728801795142,0.014387219922848315,-2.0,40.0,-3.729,-0.316,13.648,9.919
WI-05413500,-0.11682929494192859,244.89439983756597,0.026335264641169302,-2.0,40.0,-4.556,-0.399,13.689,9.133
WI-05414000,-0.09039108943148982,192.4216075148725,0.06964151241423616,-1.0,40.0,-3.526,-0.299,13.538,10.012
WV-01605500,-0.02972186596432996,76.68591753705707,0.18386340452929367,-0.0,40.0,-1.159,-0.067,17.866,16.707
WV-01606500,-0.021562231966135954,61.38131262609471,0.17949083594439996,-0.0,40.0,-0.841,-0.046,18.71,17.869
WV-03050000,-0.07171495499112426,160.81388274721763,0.14201465590789875,-0.0,30.0,-2.08,-0.121,18.173,16.093
WV-03066000,0.016549278827926447,-17.40382284620196,0.12295593578600916,0.0,40.0,0.646,0.041,15.347,15.993
WV-03069500,0.007947388715293782,-0.1284384100216034,0.1623869745640591,0.0,40.0,0.31,0.02,15.599,15.909
WV-03070500,0.022941313859973632,-29.967641652620916,0.175154912082209,0.0,40.0,0.895,0.056,15.433,16.328
WV-03180500,0.0076209293549823745,2.7256378935827215,0.210748045955239,0.0,40.0,0.298,0.017,17.807,18.105
WV-03182500,0.002323629050473153,13.524119532923452,0.5,0.0,40.0,0.09,0.005,18.123,18.213
WV-03186500,0.008989297375729169,-1.7752017122733932,0.24767600743079374,0.0,40.0,0.35,0.022,16.015,16.365
WV-03187500,-0.015748869915259475,47.262044647351985,0.2111166907704092,-0.0,37.0,-0.614,-0.039,16.095,15.481
WY-06188000,0.029591972421545258,-57.79866296776835,0.035869270379892626,2.0,30.0,0.858,0.576,1.06,1.918
WY-06221400,0.005005554993999825,-9.481161017692378,0.09309132554950672,1.0,30.0,0.145,0.265,0.475,0.62
WY-06224000,0.005643899673365713,-10.49834177400653,0.045071986597325586,2.0,40.0,0.22,0.282,0.671,0.891
WY-06278300,0.0051101976921183075,-9.54972385965679,0.015170118166358382,2.0,40.0,0.2,0.302,0.563,0.763
WY-06280300,0.0048136586593922675,-7.666967748870664,0.17949083594439996,0.0,40.0,0.188,0.096,1.859,2.047
WY-06309200,0.023581464002036787,-44.49144268899763,0.192710086316148,0.0,40.0,0.92,0.349,2.176,3.096
WY-06311000,0.011741606843378804,-22.02424922056034,0.2245053155330704,0.0,40.0,0.458,0.318,1.212,1.67
WY-06622700,0.016898018318807686,-31.6886919625924,0.15409375087008964,0.0,40.0,0.66,0.317,1.752,2.412
WY-06623800,0.016743687245922765,-31.650860001223855,0.02169184055312745,2.0,40.0,0.653,0.36,1.485,2.138
WY-06632400,0.00815383429367343,-15.039342932149971,0.11221495521601232,0.0,40.0,0.318,0.253,1.097,1.415
WY-09210500,0.038682415337071355,-71.90814201180537,0.043207152712083086,2.0,40.0,1.509,0.28,4.644,6.153
WY-09223000,0.03676869343143709,-70.71342588175163,0.06218118388479554,1.0,40.0,1.434,0.518,2.052,3.486
WY-13010065,-0.004974770336720539,13.54758410781324,0.18867815255888015,-0.0,35.0,-0.17,-0.047,3.678,3.508
WY-13011500,0.0058117548246861776,-9.653309800098612,0.2337497009926262,0.0,40.0,0.227,0.116,1.848,2.075
WY-13011900,0.005673800956418245,-9.045766514842002,0.1283199853381073,0.0,38.0,0.221,0.097,2.183,2.404
WY-13018300,0.0015917136184048144,-0.18360978107400916,0.2337497009926262,0.0,40.0,0.062,0.021,2.966,3.028
WY-13023000,0.020391720777458166,-37.142727036941565,0.16660104574623197,0.0,40.0,0.796,0.22,3.212,4.008
YT-09AC001,0.002118302215926701,-2.7310989898596985,0.1812070657174381,0.0,38.0,0.081,0.054,1.461,1.542
YT-09BC001,0.009768457709740802,-18.278929472320364,0.009934348946668392,3.0,39.0,0.371,0.3,1.053,1.424
YT-09FC001,0.003995492856165999,-7.841448136880283,0.0026426835166799,3.0,33.0,0.151,1.019,0.066,0.217
