,slp,intp,pvalue,pvalue_d,n,chg,chg_r,init,last
AB-05AA008,0.041788968252224896,-78.54754184220029,0.16054611379599892,0.0,40.0,1.63,0.317,4.153,5.783
AB-05AA023,0.14553746519333255,-276.6079924806578,0.3779775180071052,0.0,30.0,4.22,0.241,11.411,15.631
AB-05AD003,0.06346901154232015,-105.8292661779366,0.3759635132769805,0.0,37.0,2.285,0.101,19.776,22.061
AB-05AD005,0.08086832412327066,-152.06640728001284,0.06203262229447826,1.0,37.0,2.911,0.284,7.972,10.883
AB-05BA002,0.021570906378009243,-36.32358189034524,0.8073432738589212,0.0,30.0,0.625,0.085,6.495,7.12
AB-05BB001,-0.07907331711207088,196.05604580294852,0.435709912751578,-0.0,39.0,-3.084,-0.076,39.57,36.486
AB-05BL022,0.026657751041740518,-50.706986317586534,0.16063112444447003,0.0,37.0,0.959,0.267,2.049,3.008
AB-05DA007,-0.005253779125147115,18.02657932255697,0.8168835068089899,-0.0,37.0,-0.189,-0.025,7.629,7.44
AB-05DA009,-0.08268321427702625,230.4326859497727,0.5216102816326904,-0.0,38.0,-3.06,-0.047,66.803,63.743
AB-05DA010,0.0006706233456612631,-0.7459578898936349,0.40995687995177965,0.0,38.0,0.025,0.041,0.581,0.606
AB-07AA001,0.007400331915949708,-1.1165172945665525,0.6142802922561135,0.0,37.0,0.266,0.018,13.529,13.795
AB-07AA002,-0.028318137451118258,149.911952979962,0.7437665722846407,-0.0,39.0,-1.104,-0.011,93.87,92.766
AB-07CD001,0.3649804274889197,-664.1655010239831,0.1158129900126863,0.0,40.0,14.234,0.207,58.131,72.365
AB-07GG001,-0.04858932257177201,105.70168905533625,0.9095458052651215,-0.0,36.0,-1.7,-0.181,9.543,7.843
AK-15072000,-0.8971679433388784,2135.566749555348,0.43881262153485934,-0.0,40.0,-34.989,-0.102,360.071,325.082
AK-15085100,0.0497052436833216,-33.24885951596514,0.959893189819583,0.0,39.0,1.889,0.029,65.118,67.007
AK-15129500,2.370329047689817,-4491.43091698564,0.2684125627342089,0.0,30.0,68.739,0.271,223.154,291.893
AK-15239050,-0.0003716052151831494,68.10507474296806,0.8209725423085437,-0.0,39.0,-0.014,-0.0,67.369,67.355
AK-15266300,8.112752925042619,-11042.169383061118,0.28709103347587495,0.0,40.0,316.397,0.06,5012.969,5329.366
AK-15290000,-1.9729339663250585,4162.654785797585,0.31386902702531216,-0.0,34.0,-76.944,-0.304,258.218,181.274
AK-15292700,-28.576414364064384,61417.953931955504,0.05003164280090533,-1.0,40.0,-1114.48,-0.256,4865.23,3750.75
AK-15484000,9.166265306777877,-16342.592014526983,0.2762780286051476,0.0,40.0,357.484,0.182,1797.447,2154.931
AK-15493000,3.3155538186880316,-5727.461608493192,0.4246421234065476,0.0,40.0,129.307,0.138,834.019,963.326
AK-15511000,0.1459668688814415,-57.2852418192314,0.7348263750767032,0.0,40.0,5.693,0.025,231.583,237.276
AK-15896000,32.8654871542792,-60856.20875341534,0.3453965562420982,0.0,40.0,1281.754,0.258,4184.59,5466.344
AK-15908000,20.266238521906295,-38055.02415537105,0.11170854477524794,0.0,36.0,709.318,0.275,2132.927,2842.245
AL-02342933,4.559001989235351,-8813.292938519815,0.06641490832840091,1.0,32.0,141.329,0.43,208.972,350.301
AL-02361000,4.982410805973337,-8988.208805949518,0.4981364283916774,0.0,40.0,194.314,0.166,871.982,1066.296
AL-02363000,-2.577931120692824,5949.2327802107975,0.5206932698330875,-0.0,31.0,-77.338,-0.083,824.306,746.968
AL-02369800,-0.5054063666097779,1182.6040907376807,0.6808572133380828,-0.0,40.0,-19.711,-0.095,182.405,162.694
AL-02371500,-0.04760461834397936,931.1390215632366,0.7166749729859458,-0.0,40.0,-1.856,-0.002,836.929,835.073
AL-02372250,-1.061532617793946,2877.9490237423333,0.8465282828044682,-0.0,40.0,-41.4,-0.05,777.176,735.776
AL-02374500,-1.2091501043297108,2675.1674929474348,0.9229050934914809,-0.0,40.0,-47.156,-0.16,282.259,235.103
AL-02408540,-1.7943008176006146,4183.4704586536745,0.6099979618746088,-0.0,38.0,-66.39,-0.102,628.961,562.571
AL-02415000,-1.5819543262290952,3649.248117536131,0.3954246967469044,-0.0,32.0,-49.041,-0.101,507.487,458.446
AL-02422500,-2.173337032350451,4732.857422971434,0.7531271266832609,-0.0,40.0,-84.76,-0.197,431.823,347.063
AL-02450250,-2.3919085109019456,5174.85467063068,0.45325103254848376,-0.0,40.0,-93.285,-0.239,441.268,347.983
AL-02464000,-3.2720512580084975,7291.976233207076,0.8655164609304618,-0.0,40.0,-127.61,-0.165,816.587,688.977
AL-02464146,0.10005336213005485,-184.5621473292145,0.54850039361213,0.0,33.0,3.501,0.203,13.744,17.245
AL-02464360,-1.2368420016125654,2604.354802745035,0.3007717594347785,-0.0,31.0,-37.106,-0.28,146.75,109.644
AL-02465493,-0.03421410789693393,108.73399134880324,0.8088286305084,-0.0,40.0,-1.334,-0.028,41.024,39.69
AL-02469800,1.2701754076004146,-2096.781596589542,0.3706969845683532,0.0,40.0,49.536,0.102,416.896,466.432
AL-03574500,-2.2289833611546332,5625.220799796432,0.8465282828044682,-0.0,40.0,-86.931,-0.066,1214.063,1127.132
AR-07056000,7.81138176290915,-13246.050132784454,0.706056827224919,0.0,39.0,304.644,0.112,2212.674,2517.318
AR-07060710,1.0670819437518062,-2003.194361265707,0.28709103347587495,0.0,40.0,41.616,0.258,108.561,150.177
AR-07195800,0.3975213445678065,-765.7384833111822,0.16054611379599892,0.0,40.0,15.504,0.501,20.956,36.46
AR-07196900,0.04356840727760711,30.501951122941975,0.4829170444568125,0.0,40.0,1.699,0.012,116.724,118.423
AR-07261000,2.1994707377227334,-3865.2390648897367,0.4246421234065476,0.0,40.0,85.779,0.145,487.514,573.293
AR-07340300,-0.16347162845120264,715.8584753713365,0.9806980673807666,-0.0,40.0,-6.375,-0.014,392.348,385.973
AR-07359610,1.5832058674510363,-2580.0224890106956,0.9252757299002272,0.0,30.0,45.913,0.069,568.974,614.887
AR-07362100,-7.797022106848273,16273.365442313387,0.2455200156805981,-0.0,40.0,-304.084,-0.318,843.059,538.975
AZ-09447800,-0.4938122182876187,999.6210185179149,0.009279250301124309,-3.0,37.0,-17.777,-0.458,20.885,3.108
AZ-09480000,-0.24742925439997884,501.0097754678872,0.35803517004775176,-0.0,35.0,-8.412,-0.462,11.347,2.935
AZ-09484000,-1.4800686542738788,3007.0393227513136,0.023224244299516306,-2.0,30.0,-42.922,-0.781,63.183,20.261
AZ-09492400,-0.8872934026127621,1800.9133123563797,0.002121987216429533,-3.0,40.0,-34.605,-1.029,44.96,10.355
AZ-09494000,-6.293135589729632,12745.464665638865,0.001291922272390611,-3.0,40.0,-245.432,-1.149,291.349,45.917
AZ-09497800,-1.1370513517028342,2312.3323351690606,0.09670984960896445,-1.0,38.0,-44.345,-0.552,62.108,17.763
AZ-09497980,-0.793429283937741,1623.083222190538,0.4972120881203259,-0.0,39.0,-30.15,-0.34,52.093,21.943
AZ-09505200,-0.5599012228948119,1168.3639465416056,0.6309950399173054,-0.0,34.0,-21.836,-0.269,60.319,38.483
AZ-09505350,-1.6684926599708936,3463.6468336500743,0.21724725095772923,-0.0,40.0,-65.071,-0.448,161.7,96.629
AZ-09505800,-2.736329840319782,5578.310186034321,0.09993379657133428,-1.0,40.0,-106.716,-0.705,163.113,56.397
AZ-09508300,-0.5558644011069467,1154.4570860987712,0.4107427047210992,-0.0,40.0,-21.678,-0.324,54.401,32.723
AZ-09510200,-0.957367630225471,1961.806240341859,0.30956401229803676,-0.0,40.0,-37.338,-0.355,67.176,29.838
AZ-09512280,-0.04015641729241485,91.76746481317157,0.9062974979468705,-0.0,38.0,-1.486,-0.038,12.218,10.732
AZ-09513780,-0.5981171141920409,1226.0864485195302,0.45325103254848376,-0.0,40.0,-23.327,-0.338,42.413,19.086
AZ-09535100,0.03519978885225824,-50.04691940726035,0.967405367717791,0.0,37.0,1.268,0.039,19.613,20.881
BC-07EC002,0.27538522964222667,-424.36552266265693,0.685150206155831,0.0,38.0,10.189,0.081,120.622,130.811
BC-07EE009,0.03133568315987831,-54.76147714861838,0.35803517004775176,0.0,35.0,1.128,0.138,7.252,8.38
BC-07FB001,0.5578051419440839,-885.1232943914722,0.26626505196565464,0.0,38.0,20.639,0.085,218.773,239.412
BC-07FC003,0.0572205203034325,-102.13786471084921,0.6756918645043961,0.0,34.0,1.945,0.143,11.102,13.047
BC-08CD001,-0.022380683678305632,97.46858574838228,0.7821011605739105,-0.0,39.0,-0.873,-0.016,53.177,52.304
BC-08CG001,0.04718023147116242,364.264369949161,0.9398714539943918,0.0,39.0,1.793,0.004,457.634,459.427
BC-08DA005,0.03818114693658714,-58.22155370927187,0.5917967492239535,0.0,38.0,1.413,0.078,17.339,18.752
BC-08ED001,0.09947177755429973,-171.5317121283692,0.2373013210375159,0.0,39.0,3.879,0.138,25.323,29.202
BC-08FB006,-0.016652321446378238,59.64132250074496,0.9457970432721066,-0.0,32.0,-0.582,-0.021,26.686,26.104
BC-08GA010,0.04419978992888961,-59.590058826827885,0.6457450970456375,0.0,40.0,1.724,0.061,27.881,29.605
BC-08GA061,-0.0015588219734185534,3.4782900941603296,0.6142802922561135,-0.0,37.0,-0.059,-0.166,0.393,0.334
BC-08HA001,-0.07382150137789739,179.35266780235548,0.8655164609304618,-0.0,40.0,-2.879,-0.092,33.26,30.381
BC-08HA003,-0.012769704601094067,43.50349351756461,0.9398714539943918,-0.0,39.0,-0.498,-0.029,18.232,17.734
BC-08HB002,-0.09460916716722305,211.70768758470595,0.36537154850862086,-0.0,39.0,-3.596,-0.163,24.382,20.786
BC-08HB008,0.12539514900817608,-213.745901148549,0.45597179082236305,0.0,38.0,4.765,0.137,34.411,39.176
BC-08HB025,-0.0015443607191464536,10.560744916629911,0.7752944295177846,-0.0,31.0,-0.047,-0.006,7.491,7.444
BC-08HF004,0.2538867707942285,-476.19287037015795,0.037160458141364705,2.0,37.0,9.648,0.313,26.249,35.897
BC-08JB002,0.2194716000248938,-423.7754055666174,0.005786439157935863,3.0,38.0,8.34,0.459,10.559,18.899
BC-08JE001,0.46071175461625513,-837.1811455300679,0.2329005911851838,0.0,36.0,16.125,0.18,74.567,90.692
BC-08KA009,0.002261454732457045,6.1062243784099515,0.7763884317697076,0.0,36.0,0.081,0.008,10.582,10.663
BC-08LA001,0.7058731132079792,-1188.066819753951,0.5296140782563044,0.0,39.0,26.823,0.116,208.856,235.679
BC-08LD001,0.1499860720456357,-240.16988745499071,0.7540675143570155,0.0,37.0,5.699,0.093,56.653,62.352
BC-08LG016,-0.003716304141784297,8.770483172819551,0.3472987680371582,-0.0,37.0,-0.134,-0.104,1.416,1.282
BC-08MA002,0.15023417134356823,-262.4680590585825,0.22746955681557246,0.0,39.0,5.859,0.151,34.845,40.704
BC-08MB006,0.0525539836876098,-97.45288375868076,0.2819046108192158,0.0,37.0,1.892,0.238,6.551,8.443
BC-08MG005,-0.04312944611686103,195.84567189049704,0.6728442148625922,-0.0,37.0,-1.638,-0.015,110.492,108.854
BC-08MH006,-0.00827290515585364,21.15102743068234,0.9062974979468705,-0.0,38.0,-0.306,-0.067,4.779,4.473
BC-08MH016,0.04481302082024657,-75.61456617143003,0.36537154850862086,0.0,39.0,1.703,0.122,13.07,14.773
BC-08NB005,-0.15527843944306813,481.49691461657676,0.5614764462408652,-0.0,40.0,-6.056,-0.035,174.201,168.145
BC-08NC004,0.024796527634406748,-32.40960487552309,0.3898895337647028,0.0,35.0,0.917,0.054,16.663,17.58
BC-08ND013,-0.037555433659644304,131.19723512522003,0.6508450294523307,-0.0,39.0,-1.427,-0.025,56.875,55.448
BC-08NE006,-0.05296326749635393,123.56314988752334,0.1689113395241173,-0.0,37.0,-1.907,-0.111,18.749,16.842
BC-08NE077,0.02871852452337887,-51.303875190204316,0.26798634486283324,0.0,36.0,1.005,0.171,5.53,6.535
BC-08NF001,-0.005546202693024648,17.884151684559242,0.6874625535563468,-0.0,39.0,-0.211,-0.031,6.908,6.697
BC-08NH005,0.009654430956486429,-4.109306526523696,0.8209725423085437,0.0,39.0,0.367,0.023,14.997,15.364
BC-08NH016,0.0021033286259535336,-3.352811256291587,0.6660299201417486,0.0,38.0,0.078,0.09,0.812,0.89
BC-08NH084,0.004322492914669631,-6.441801429502464,0.959893189819583,0.0,39.0,0.165,0.071,2.112,2.277
BC-08NH130,0.06217572543819511,-100.63085376585897,0.8240484528174716,0.0,38.0,2.3,0.092,22.415,24.715
BC-08NJ130,0.0009131566788871988,-1.6580413712024118,0.4972120881203259,0.0,39.0,0.035,0.211,0.149,0.184
BC-08NL007,-0.13055910924776948,292.88080413340134,0.17750773887281412,-0.0,37.0,-4.7,-0.144,34.504,29.804
BC-08NL070,-0.0035936172726691233,18.630847690228123,0.8355864341125854,-0.0,35.0,-0.129,-0.011,11.519,11.39
BC-08NM174,0.004601497739527227,-8.160055997313686,0.46646827743679076,0.0,34.0,0.161,0.143,0.946,1.107
BC-08NN015,-0.012556027587958846,31.09543985114436,0.6142802922561135,-0.0,37.0,-0.452,-0.075,6.247,5.795
BC-08OA002,-0.12839959085084085,289.97982385398996,0.15266138035243015,-0.0,37.0,-4.879,-0.145,35.877,30.998
BC-09AA006,0.500754234534069,-929.7541882944212,0.005827257313377077,3.0,35.0,19.029,0.261,61.238,80.267
BC-09AE003,0.04682439697327957,-42.77910238745478,0.7334631920155024,0.0,37.0,1.78,0.036,49.886,51.666
BC-10BE004,-0.19078140733765797,429.1067013985423,0.3952543278515894,-0.0,38.0,-7.059,-0.151,51.55,44.491
BC-10BE007,-0.11545800995347072,244.10295736920727,0.19105038913843675,-0.0,39.0,-4.388,-0.324,15.612,11.224
BC-10CB001,0.052748470147092504,-75.59379619493923,0.842403512475705,0.0,36.0,1.847,0.058,28.795,30.642
BC-10CD001,-2.867982854115257,5985.1845534870645,0.033153883119150906,-2.0,36.0,-100.379,-0.375,309.446,209.067
CA-09423350,-0.020942408695147352,42.05485452260064,0.0012358097105473753,-3.0,38.0,-0.817,-1.468,0.61,-0.207
CA-10258000,-0.08669938263019203,175.95369245304687,0.16168099298618044,-0.0,38.0,-3.382,-0.403,4.376,0.994
CA-10258500,-0.1561880066920815,316.0623387605413,0.018935757673889997,-2.0,40.0,-6.091,-0.287,6.966,0.875
CA-10259000,-0.026687423009500073,54.8974255008312,0.06595569949469371,-1.0,40.0,-1.041,-0.277,2.083,1.042
CA-10259200,-0.16354061378396606,329.69414370345186,0.014542818527063961,-2.0,40.0,-6.378,-0.636,6.047,-0.331
CA-10263500,-0.2185415698788914,447.35259778410176,0.027691398345963902,-2.0,40.0,-8.523,-0.353,14.859,6.336
CA-10308200,-2.1316609384144876,4643.61451760968,0.4829170444568125,-0.0,40.0,-83.135,-0.186,425.058,341.923
CA-10336645,-0.15450754503465802,335.6994650735617,0.6284436367082953,-0.0,38.0,-5.717,-0.203,29.62,23.903
CA-10336660,-0.35788539491857174,766.8998925703371,0.4107427047210992,-0.0,40.0,-13.958,-0.247,58.645,44.687
CA-10336676,-0.15933833091167726,358.6609312123005,0.5452829029299784,-0.0,40.0,-6.214,-0.143,43.33,37.116
CA-10343500,-0.1255591366249197,262.4239922921194,0.21724725095772923,-0.0,40.0,-4.896,-0.299,13.942,9.046
CA-11015000,-0.1985401213854197,401.785329262537,0.05292901699473074,-1.0,40.0,-7.743,-0.259,8.874,1.131
CA-11098000,-0.1601967076180299,331.7035968644171,0.2657461083422321,-0.0,40.0,-6.247,-0.23,14.674,8.427
CA-11124500,-0.19042983583494694,412.80230944674634,0.4246421234065476,-0.0,40.0,-7.427,-0.126,35.942,28.515
CA-11141280,-0.22718884219518803,465.96893899863204,0.1534557123832827,-0.0,40.0,-8.86,-0.503,16.362,7.502
CA-11143000,-0.35537460381921965,845.8536809620931,0.8088286305084,-0.0,40.0,-13.859,-0.078,142.567,128.708
CA-11148900,-2.6679930338979503,5750.656771178318,0.43881262153485934,-0.0,40.0,-104.052,-0.188,470.699,366.647
CA-11151300,0.002165034618720223,40.41712855419554,0.9895648601306644,0.0,38.0,0.084,0.001,44.702,44.786
CA-11162500,-0.1915770082246121,481.64359092066655,0.8088286305084,-0.0,40.0,-7.472,-0.068,102.513,95.041
CA-11176400,-0.4430623528402834,973.846006840351,0.5778990721352786,-0.0,40.0,-17.28,-0.135,97.026,79.746
CA-11180500,-0.002969628252241333,13.0020364434906,0.9421393594576422,-0.0,40.0,-0.116,-0.013,7.125,7.009
CA-11180960,-0.04539281974650446,98.2616278200396,0.7348263750767032,-0.0,40.0,-1.77,-0.168,8.429,6.659
CA-11224500,-0.09506700937724408,202.9070352732849,0.1466059857808104,-0.0,40.0,-3.707,-0.159,14.769,11.062
CA-11230500,-0.8099771382149231,1741.562180500914,0.4107427047210992,-0.0,40.0,-31.589,-0.234,138.617,107.028
CA-11237500,-0.26032786331784097,581.3806796412218,0.8276288084144703,-0.0,40.0,-10.153,-0.124,66.192,56.039
CA-11253310,-0.06344426854686792,131.7600453606311,0.1274572747761462,-0.0,40.0,-2.474,-0.245,6.204,3.73
CA-11264500,-1.448046353061597,3402.073561656579,0.8276288084144703,-0.0,40.0,-56.474,-0.105,536.39,479.916
CA-11266500,-2.1193089459118686,5127.534405276739,0.9037158067879054,-0.0,40.0,-82.653,-0.089,933.422,850.769
CA-11274500,0.05291816406470136,-63.32972448891207,0.9037158067879054,0.0,40.0,2.064,0.024,41.395,43.459
CA-11274630,-0.059616619403678794,133.12878186789968,0.5778990721352786,-0.0,40.0,-2.325,-0.091,15.147,12.822
CA-11284400,-0.06681783950979665,154.6256756979271,0.9229050934914809,-0.0,40.0,-2.606,-0.071,22.393,19.787
CA-11299600,0.09702165861717532,-172.18429945839614,0.9055957937612324,0.0,35.0,3.298,0.097,20.307,23.605
CA-11315000,-0.7586429560789023,1621.3464062145422,0.4829170444568125,-0.0,40.0,-29.587,-0.266,119.992,90.405
CA-11381500,-0.2175702140581678,733.1916823496503,0.8465282828044682,-0.0,40.0,-8.485,-0.024,302.62,294.135
CA-11383500,-1.1697598191899394,2745.977916255852,0.6986822359824363,-0.0,40.0,-45.62,-0.097,431.023,385.403
CA-11427700,0.300423859145319,-530.4858039606825,0.6284746536839203,0.0,40.0,11.717,0.15,64.053,75.77
CA-11451100,-1.0103691700506332,2258.8421641955465,0.4679538135260932,-0.0,40.0,-39.405,-0.152,259.322,219.917
CA-11468500,-0.6280288067622133,1671.7179956793957,0.4981364283916774,-0.0,40.0,-24.493,-0.054,428.849,404.356
CA-11473900,-12.768741181359662,27805.144636765875,0.5136072924876847,-0.0,40.0,-497.981,-0.183,2535.806,2037.825
CA-11475560,-0.05241220543449117,147.8640948563363,0.961407429045934,-0.0,40.0,-2.044,-0.044,44.14,42.096
CA-11476600,0.25178048062482417,-317.9014324438876,0.7248282628697524,0.0,39.0,9.568,0.044,180.372,189.94
CA-11478500,-4.626941261311357,10738.344307315243,0.4679538135260932,-0.0,40.0,-180.451,-0.113,1581.628,1401.177
CA-11480390,-3.2550130608847496,6939.03407870152,0.504757480200261,-0.0,38.0,-120.435,-0.25,490.853,370.418
CA-11481200,-1.6693120501197072,3568.77573468525,0.2358223797536274,-0.0,40.0,-65.103,-0.269,265.207,200.104
CA-11482500,-6.471973318743867,14328.6653035039,0.4679538135260932,-0.0,40.0,-252.407,-0.166,1520.63,1268.223
CA-11522500,4.054733097436728,-6265.807494735918,0.961407429045934,0.0,40.0,158.135,0.076,1758.509,1916.644
CA-11523200,0.942158113032605,-1343.6345782662836,0.9421393594576422,0.0,40.0,36.744,0.067,520.896,557.64
CA-11528700,-7.302427309362043,16469.770077619127,0.4981364283916774,-0.0,40.0,-284.794,-0.134,2018.266,1733.472
CA-11532500,-12.087221266260551,29685.865339919244,0.6114052024347298,-0.0,40.0,-471.401,-0.082,5765.254,5293.853
CO-06614800,-0.011842264921161721,29.114926062292906,0.6808572133380828,-0.0,40.0,-0.462,-0.083,5.679,5.217
CO-06746095,0.154114250171137,-289.29514867503485,0.13361124376778633,0.0,40.0,6.01,0.326,15.697,21.707
CO-07083000,-0.1740066235887689,388.3956775526695,0.6114052024347298,-0.0,40.0,-6.787,-0.155,44.037,37.25
CO-07105945,-0.06539965977853018,133.47596202178215,0.21793165186589158,-0.0,39.0,-2.485,-0.454,4.05,1.565
CO-09034900,-0.04952630846761212,117.34204938883747,0.6114052024347298,-0.0,40.0,-1.931,-0.103,19.329,17.398
CO-09035800,-0.16384548527704199,339.5692147802462,0.08919834224618706,-1.0,32.0,-5.079,-0.369,15.319,10.24
CO-09035900,0.06632569788822246,-82.66072052426358,0.9037158067879054,0.0,40.0,2.587,0.053,48.598,51.185
CO-09047700,0.00028156994823956165,6.224261897981703,0.7901381702817245,0.0,40.0,0.011,0.001,6.781,6.792
CO-09065500,-0.3247270706921954,700.1751581031849,0.3453965562420982,-0.0,40.0,-12.664,-0.248,57.54,44.876
CO-09066000,-0.053380251117253766,138.10613709576617,0.9421393594576422,-0.0,40.0,-2.082,-0.068,32.467,30.385
CO-09066200,-0.12429196815341492,269.55022487781747,0.21724725095772923,-0.0,40.0,-4.847,-0.229,23.576,18.729
CO-09066300,-0.038646089698812544,87.98846905262653,0.6114052024347298,-0.0,40.0,-1.507,-0.138,11.508,10.001
CO-09081600,-3.1668354312946954,6732.198573175828,0.28709103347587495,-0.0,40.0,-123.506,-0.296,465.031,341.525
CO-09107000,0.3786446918018274,-642.8373296843641,0.9147523390847367,0.0,31.0,11.36,0.093,109.908,121.268
CO-09306242,-0.025190846198309975,50.79027539579861,0.1466059857808104,-0.0,40.0,-0.983,-0.495,0.938,-0.045
CO-09352900,-1.60129509192167,3376.314023568533,0.19974847790467765,-0.0,40.0,-62.45,-0.343,207.351,144.901
CT-01118300,-0.027434332762961235,65.64475322648232,0.8845825962766167,-0.0,40.0,-1.07,-0.093,11.352,10.282
CT-01121000,-0.3762859181223932,826.3720901151908,0.5614764462408652,-0.0,40.0,-14.675,-0.19,81.702,67.027
CT-01123000,-0.16247727526558642,397.51645017172916,0.9421393594576422,-0.0,40.0,-6.337,-0.087,75.974,69.637
CT-01195100,0.011786545906921145,-9.742366548093623,0.5045014597713458,0.0,37.0,0.424,0.028,13.619,14.043
CT-01208990,-0.22926292770783485,505.2936881294101,0.7348263750767032,-0.0,40.0,-8.941,-0.167,51.582,42.641
DE-01484100,0.05388603982692482,-104.26670326312207,0.006734420188890589,3.0,40.0,2.101,0.52,2.374,4.475
DE-01487000,0.5967311096132963,-1120.661882201268,0.055965286351284727,1.0,40.0,23.272,0.295,60.269,83.541
FL-02231000,-0.10096585397616309,1031.7483128067624,0.8845825962766167,-0.0,40.0,-3.938,-0.004,831.937,827.999
FL-02231342,0.25311425770762347,-420.58532274691515,0.28709103347587495,0.0,40.0,9.871,0.114,80.328,90.199
FL-02235200,0.5013978501290335,-952.738427005579,0.5703230029200781,0.0,33.0,16.044,0.271,43.038,59.082
FL-02236500,0.30089124035690684,-579.4623823936088,0.08584114842248192,1.0,40.0,11.735,0.489,16.001,27.736
FL-02245500,1.127937063727225,-2033.2169632479035,0.3331693388353718,0.0,40.0,43.99,0.176,198.97,242.96
FL-02246000,-2.2140397219270698,4779.8632425840215,0.961407429045934,-0.0,40.0,-86.348,-0.224,398.279,311.931
FL-02296500,4.46947320236591,-8635.242699295326,0.07737179552146856,1.0,40.0,174.309,0.422,209.845,384.154
FL-02297155,-0.21644679079104975,486.72365105599954,0.8856049474550873,-0.0,38.0,-8.441,-0.129,58.375,49.934
FL-02297310,1.5566140380478726,-2861.447878009237,0.36682169288264443,0.0,38.0,60.708,0.189,219.091,279.799
FL-02298123,2.6514126661990263,-4977.695094860255,0.07737179552146856,1.0,40.0,103.405,0.3,269.451,372.856
FL-02298608,2.707560994482433,-5140.739624032256,0.20836472630402936,0.0,40.0,105.594,0.345,217.524,323.118
FL-02299950,1.0093833913322354,-1852.1603617458493,0.3453965562420982,0.0,40.0,39.366,0.213,145.409,184.775
FL-02300700,0.31886525111930797,-545.2247913227967,0.6986822359824363,0.0,40.0,12.435,0.124,85.81,98.245
FL-02310947,-0.003396519392815378,180.7549590403026,0.5917967492239535,-0.0,38.0,-0.132,-0.001,174.033,173.901
FL-02312200,-0.41221649278170047,896.0252158837376,0.8655164609304618,-0.0,40.0,-16.077,-0.175,80.249,64.172
FL-02315500,5.403304510066581,-9196.229430425123,0.9806980673807666,0.0,40.0,210.729,0.112,1496.91,1707.639
FL-02324000,-0.08824002011536447,599.443206916262,0.9037158067879054,-0.0,40.0,-3.441,-0.009,424.816,421.375
FL-02324400,-0.48517712628546755,1006.1076198866449,0.2657461083422321,-0.0,40.0,-18.922,-0.348,45.942,27.02
FL-02327100,-0.14223743436662276,598.923606816119,0.8655164609304618,-0.0,40.0,-5.548,-0.016,317.436,311.888
GA-02177000,0.7637927916970741,-1091.1521926798314,0.4981364283916774,0.0,40.0,29.788,0.063,420.394,450.182
GA-02178400,0.2739889978196428,-408.2076928118241,0.3453965562420982,0.0,40.0,10.685,0.073,134.017,144.702
GA-02193340,-1.2055984811400575,2473.2331350293543,0.08919834224618706,-1.0,32.0,-37.374,-0.554,77.709,40.335
GA-02198100,-0.4815965869016788,1004.8373853574693,0.6101267703127584,-0.0,32.0,-14.93,-0.272,47.905,32.975
GA-02202600,-1.400786945146587,3145.863307482544,0.3396999262620777,-0.0,38.0,-51.829,-0.161,370.904,319.075
GA-02212600,-1.3348403968299283,2808.411755651076,0.18330223399258028,-0.0,40.0,-52.059,-0.347,166.763,114.704
GA-02215100,-0.48352537818708285,1218.8408570427896,0.8918439412522505,-0.0,32.0,-14.989,-0.057,258.076,243.087
GA-02216180,-1.9594323051086282,4005.4862302923766,0.035569752505231644,-2.0,36.0,-68.58,-0.732,119.932,51.352
GA-02221525,-3.7382749941953297,7740.898922456611,0.055965286351284727,-1.0,40.0,-145.793,-0.561,342.853,197.06
GA-02314500,-2.3350232608654666,5485.613824296006,0.961407429045934,-0.0,40.0,-91.066,-0.098,864.603,773.537
GA-02349900,-0.8240341220219933,1715.2140481965237,0.19139541400462035,-0.0,40.0,-32.138,-0.416,84.451,52.313
GA-02350900,2.0911413150472704,-3692.2017261283445,0.8078142165841911,0.0,33.0,66.916,0.117,460.805,527.721
GA-02381600,-0.0598433291405617,139.18701932885392,0.9229050934914809,-0.0,40.0,-2.334,-0.107,20.757,18.423
GA-02384540,-0.06576972394556053,160.65772591457917,0.4856103851418121,-0.0,33.0,-2.105,-0.071,30.039,27.934
GA-02395120,0.2455276172812982,-424.72029498908165,0.8649901175825423,0.0,38.0,9.084,0.123,61.67,70.754
IA-05412500,20.052991612198973,-38597.75241691077,0.09993379657133428,1.0,40.0,782.067,0.468,1087.118,1869.185
IA-05454000,0.30020397665922127,-558.0613321834003,0.5614764462408652,0.0,40.0,11.708,0.233,36.042,47.75
IA-05458000,5.066436963941102,-9763.368498232061,0.1274572747761462,0.0,40.0,197.591,0.476,263.11,460.701
IA-05487980,5.010058840601859,-9408.7188220219,0.4981364283916774,0.0,40.0,195.392,0.273,506.188,701.58
IA-05488200,3.489849521695437,-6802.409026981821,0.11571975521880828,0.0,33.0,111.675,0.492,128.432,240.107
IA-05489000,9.569599720098422,-18404.85551310223,0.29818612881587514,0.0,40.0,373.215,0.427,533.382,906.597
IA-06903400,2.022652066694447,-3665.3896645354425,0.6114052024347298,0.0,40.0,78.883,0.191,337.439,416.322
ID-12411000,6.003503040489602,-11104.583127127838,0.13794566169862832,0.0,39.0,234.137,0.257,776.349,1010.486
ID-12413000,10.806256204731518,-19331.077130168494,0.2554939683022921,0.0,40.0,421.444,0.179,2054.504,2475.948
ID-12414500,5.240985283480523,-7793.451589812559,0.5452829029299784,0.0,40.0,204.399,0.077,2578.458,2782.857
ID-13083000,-0.053087678762899354,111.7151883466488,0.357906094864779,-0.0,40.0,-2.071,-0.29,6.655,4.584
ID-13185000,3.080515478878314,-4841.3509848092,0.8845825962766167,0.0,40.0,120.14,0.095,1254.989,1375.129
ID-13235000,0.3859670138031205,60.799742156773505,0.8465282828044682,0.0,40.0,15.053,0.018,824.628,839.681
ID-13240000,-0.15104409317597553,512.0968504039126,0.8856049474550873,-0.0,38.0,-5.589,-0.026,213.181,207.592
ID-13310700,6.4403758010433405,-12170.558297060692,0.3242351019547285,0.0,32.0,251.175,0.387,574.945,826.12
ID-13313000,3.0443969674611067,-5556.876848359667,0.5293245899568817,0.0,40.0,118.731,0.228,467.985,586.716
ID-13337000,6.336987540716169,-9418.980007380622,0.5614764462408652,0.0,40.0,247.143,0.073,3121.918,3369.061
ID-13338500,-1.5124178464887776,4027.7017561257603,0.9229050934914809,-0.0,40.0,-58.984,-0.056,1034.627,975.643
ID-13340000,17.22545330410754,-24791.94799022276,0.4829170444568125,0.0,40.0,671.793,0.067,9297.224,9969.017
ID-13340600,9.21407161334399,-14904.775134704116,0.4107427047210992,0.0,40.0,359.348,0.101,3329.873,3689.221
IL-03346000,9.320943739903221,-17788.946294612513,0.09034851458293014,1.0,40.0,363.517,0.404,657.201,1020.718
IL-03384450,0.4980273305129217,-802.9798694134332,0.3453965562420982,0.0,40.0,19.423,0.099,182.616,202.039
IL-05444000,-0.06304774941679187,262.92673020203495,0.8655164609304618,-0.0,40.0,-2.459,-0.015,138.155,135.696
IL-05466500,-1.4804563065084229,3498.869896846214,0.9806980673807666,-0.0,40.0,-57.738,-0.102,569.047,511.309
IL-05495500,-1.247591291904917,3358.369932386455,0.6114052024347298,-0.0,40.0,-48.656,-0.054,889.387,840.731
IL-05525500,3.740935215651924,-6647.561031530682,0.4107427047210992,0.0,40.0,145.896,0.177,755.75,901.646
IL-05556500,0.24454005579731775,-169.20683493483182,0.4246421234065476,0.0,40.0,9.537,0.029,314.738,324.275
IL-05584500,-1.8461696881707752,4724.760538309137,0.7531271266832609,-0.0,40.0,-72.001,-0.064,1071.191,999.19
IL-05585000,-3.858541035228142,9327.668597745786,0.6457450970456375,-0.0,40.0,-150.483,-0.082,1691.616,1541.133
IL-05591550,1.4606303405285508,-2837.1986584207198,0.023657492616105502,2.0,38.0,54.043,0.649,56.31,110.353
IL-05592050,0.13533306248447255,-37.21786146205986,1.0,0.0,39.0,5.142,0.021,230.742,235.884
IL-05592575,2.419386091916944,-4696.598809024048,0.08782509563019492,1.0,30.0,70.162,0.413,115.56,185.722
IL-05593575,1.380155898141038,-2484.4186933339097,0.3453965562420982,0.0,40.0,53.826,0.175,246.91,300.736
IL-05593900,1.2297445609170814,-2292.1737548924784,0.16054611379599892,0.0,40.0,47.96,0.283,141.491,189.451
IL-05595730,0.23500917285623,-123.01777362494414,0.7437665722846407,0.0,39.0,8.931,0.024,342.3,351.231
IN-03291780,0.3310780568681604,-558.6246085418527,0.30956401229803676,0.0,40.0,12.912,0.117,96.579,109.491
IN-03340800,3.9632491562445784,-7587.031925923224,0.08151725582079994,1.0,40.0,154.567,0.414,256.238,410.805
IN-03357350,0.15582540204711506,-300.6688953713724,0.011864484832549982,2.0,40.0,6.077,0.556,7.71,13.787
IN-03364500,3.1835554679819245,-6105.586980864158,0.0031609439204383083,3.0,40.0,124.159,0.464,194.669,318.828
IN-03366500,7.550005231586418,-14041.048924164037,0.13361124376778633,0.0,40.0,294.451,0.275,900.411,1194.862
IN-03368000,0.3104983551380791,-567.6033760050324,0.13361124376778633,0.0,40.0,12.109,0.224,46.873,58.982
KS-06814000,-5.080255097222151,10552.696965942483,0.12152609711609252,-0.0,40.0,-198.13,-0.488,498.872,300.742
KS-06846500,-0.17819628962098671,358.9828778564022,0.003988679262959538,-3.0,40.0,-6.949,-0.709,6.332,-0.617
KS-06847900,-0.034541322855381716,78.17847624448278,0.8845825962766167,-0.0,40.0,-1.347,-0.059,9.821,8.474
KS-06853800,-1.1859678307427828,2450.780445020465,0.19974847790467765,-0.0,40.0,-46.253,-0.497,103.75,57.497
KS-06876700,-0.9237468342146433,1945.5228435034226,0.383767900437737,-0.0,40.0,-36.026,-0.2,117.428,81.402
KS-06878000,1.8612913204757797,-3426.438616968243,0.20836472630402936,0.0,40.0,72.59,0.26,257.057,329.647
KS-06879650,-0.03554576804042194,76.67303578042481,0.546208417913761,-0.0,39.0,-1.35,-0.188,6.292,4.942
KS-06885500,-3.285573333961481,7072.189127949079,0.5614764462408652,-0.0,40.0,-128.138,-0.22,570.04,441.902
KS-06888500,-3.0175192582721158,6602.6568579148925,0.43881262153485934,-0.0,40.0,-117.683,-0.194,630.986,513.303
KS-06889200,-3.3526742400696072,6983.330376230918,0.3331693388353718,-0.0,40.0,-130.754,-0.37,348.388,217.634
KS-06889500,-5.500527667573119,11590.338254254786,0.2554939683022921,-0.0,40.0,-214.521,-0.346,704.794,490.273
KS-06892000,-1.1333240758902654,3030.3636870039304,0.7166749729859458,-0.0,40.0,-44.199,-0.057,787.515,743.316
KS-06910800,-2.596518670003536,5534.2379302878835,0.3706969845683532,-0.0,40.0,-101.264,-0.251,395.727,294.463
KS-06911900,0.07222625573472374,106.09174217206856,0.7531271266832609,0.0,40.0,2.816,0.01,249.028,251.844
KS-06917000,1.5912598340806299,-2409.4895388781147,0.9229050934914809,0.0,40.0,62.059,0.071,739.614,801.673
KS-07142300,-0.30726170688203946,624.4135926203077,0.013596068464906574,-2.0,40.0,-11.984,-0.569,16.343,4.359
KS-07144780,-1.9025009880542871,4000.1104278042876,0.21724725095772923,-0.0,40.0,-74.198,-0.234,235.061,160.863
KS-07145700,1.1337392775611876,-1946.9694926987404,0.8276288084144703,0.0,40.0,44.215,0.139,296.701,340.916
KS-07149000,-2.113934974978711,4396.335599815538,0.6284436367082953,-0.0,38.0,-82.443,-0.342,212.858,130.415
KS-07151500,2.3250199771927775,-3961.6495098095793,0.6986822359824363,0.0,40.0,90.676,0.127,639.565,730.241
KS-07167500,0.08897911845608862,168.57821504451763,0.7901381702817245,0.0,40.0,3.47,0.008,344.668,348.138
KS-07180500,0.6157251161065795,-1011.346488708456,0.4981364283916774,0.0,40.0,24.013,0.1,207.174,231.187
KS-07184000,1.8025689308837012,-2945.9479773355006,0.7901381702817245,0.0,40.0,70.3,0.096,621.336,691.636
KY-03213700,5.279157694775142,-9137.586860272851,0.2455200156805981,0.0,40.0,205.887,0.135,1309.866,1515.753
KY-03280700,-0.19219761187527765,535.1886233827526,0.9229050934914809,-0.0,40.0,-7.496,-0.042,154.83,147.334
KY-03281100,-1.3218331976771955,3171.0029169873537,0.9876377419871505,-0.0,34.0,-51.551,-0.096,555.095,503.544
KY-03281500,-2.4534458698028043,6780.6779508208165,0.9806980673807666,-0.0,40.0,-95.685,-0.049,1925.309,1829.624
KY-03285000,-5.036354683836159,11056.220864757752,0.6284746536839203,-0.0,40.0,-196.418,-0.182,1089.275,892.857
KY-03300400,7.8547292216400795,-14270.208941331512,0.18330223399258028,0.0,40.0,306.335,0.199,1274.3,1580.635
LA-07373000,-1.9013954864407112,3954.0037354054343,0.13999263656729632,-0.0,40.0,-74.154,-0.417,191.142,116.988
LA-07375000,0.7221830358109484,-1113.3685663787624,0.4246421234065476,0.0,40.0,28.165,0.076,315.832,343.997
LA-07376000,-5.249112507326599,11163.874088835319,0.6660299201417486,-0.0,38.0,-204.715,-0.274,775.88,571.165
LA-07377000,-16.362274911417146,34555.34015723746,0.3706969845683532,-0.0,40.0,-638.129,-0.337,2174.398,1536.269
LA-08013000,-12.338047654335075,26366.81213092486,0.3453965562420982,-0.0,40.0,-481.184,-0.282,1949.816,1468.632
LA-08014500,-18.051354799037156,37333.024586943655,0.03530386033195576,-2.0,40.0,-704.002,-0.511,1609.393,905.391
LA-08023080,-0.3052588806489733,848.059819876158,0.5917967492239535,-0.0,38.0,-11.295,-0.042,243.342,232.047
LA-08025500,-2.0582392453949674,4602.070564608483,1.0,-0.0,37.0,-80.271,-0.143,528.815,448.544
MA-01162500,0.006966276847731436,30.245583907189886,0.7715676600867172,0.0,40.0,0.272,0.006,44.032,44.304
MA-01169000,-1.59858464410097,3492.8307049342634,0.30956401229803676,-0.0,40.0,-62.345,-0.2,329.232,266.887
MA-01170100,-0.21616964492327667,556.7501500314921,0.9421393594576422,-0.0,40.0,-8.43,-0.068,128.95,120.52
MA-01181000,-1.3791952147623818,3070.7635887312263,0.6808572133380828,-0.0,40.0,-53.788,-0.162,341.336,287.548
MA-01187300,-0.29186553769260953,656.6612160241552,0.4679538135260932,-0.0,40.0,-11.382,-0.152,79.059,67.677
MA-01333000,-0.2771590969407923,654.2902527413144,0.961407429045934,-0.0,40.0,-10.809,-0.106,105.792,94.983
MB-05LH005,0.7418477927862999,-1435.855472386605,0.001937201167406366,3.0,38.0,28.191,0.592,32.261,60.452
MB-05TD001,-0.06682881380544053,160.03840554302747,0.5865203757130351,-0.0,32.0,-2.539,-0.094,27.784,25.245
MB-05TG002,0.01790060892116809,-28.87693550661097,0.9252757299002272,0.0,30.0,0.681,0.105,6.548,7.229
MB-05UH002,-0.29591684159049125,611.1030149882482,0.09578337281012361,-1.0,32.0,-11.245,-0.491,25.484,14.239
MB-06FB002,-0.15210132435255178,344.38298770506196,0.3486070834489361,-0.0,36.0,-5.779,-0.136,43.374,37.595
MD-01485500,1.0245797882561858,-1964.0278779712376,0.1158129900126863,0.0,40.0,39.958,0.426,63.616,103.574
MD-01486000,0.025261972285504676,-41.22656578296315,0.4829170444568125,0.0,40.0,0.985,0.105,8.767,9.752
MD-01491000,2.7848167693799164,-5361.18175851861,0.012704186640628334,2.0,40.0,108.607,0.476,149.971,258.578
MD-01580000,0.6378777378901517,-1139.3564966326567,0.1678813518323119,0.0,40.0,24.877,0.183,123.004,147.881
MD-01583500,0.7096770700434433,-1352.4443985462335,0.062473751784394294,1.0,40.0,27.677,0.344,52.007,79.684
MD-01586610,0.3919668189830646,-744.9558323264579,0.15556599427132722,0.0,36.0,13.719,0.317,32.314,46.033
MD-01591400,0.13789549663250805,-240.9040036061313,0.3331693388353718,0.0,40.0,5.378,0.134,31.991,37.369
MD-01594950,0.03607110124186836,-66.17542901524205,0.5865203757130351,0.0,32.0,1.118,0.174,5.498,6.616
MD-01596500,0.3606460140474772,-607.4350597921328,0.4981364283916774,0.0,40.0,14.066,0.111,106.283,120.349
MD-01639500,1.2011775310768233,-2236.906077388307,0.19974847790467765,0.0,40.0,46.846,0.258,140.224,187.07
MD-03076600,-0.22919544473404685,583.5152247011227,0.9229050934914809,-0.0,40.0,-8.938,-0.069,129.937,120.999
MD-03078000,0.991033326872067,-1822.497417016832,0.13361124376778633,0.0,40.0,38.65,0.227,138.758,177.408
ME-01013500,6.277815534610754,-10861.239626634228,0.2657461083422321,0.0,40.0,244.835,0.141,1562.557,1807.392
ME-01022500,1.7802039677194168,-3015.920816111339,0.16054611379599892,0.0,40.0,69.428,0.123,507.103,576.531
ME-01030500,17.291071356262265,-31097.546677817816,0.04463470183324292,2.0,40.0,674.351,0.201,3121.484,3795.835
ME-01031500,-0.2839728370381308,1495.299877385004,0.6114052024347298,-0.0,40.0,-11.075,-0.011,933.318,922.243
ME-01047000,3.7663103909434357,-6372.46951131722,0.20836472630402936,0.0,40.0,146.886,0.124,1081.059,1227.945
ME-01054200,0.19325061463344184,-21.296720410456487,0.5945442759036266,0.0,40.0,7.537,0.02,361.146,368.683
ME-01055000,0.5752881576355218,-769.7538312380561,0.29818612881587514,0.0,40.0,22.437,0.058,368.741,391.178
ME-01057000,0.2911591383239949,-374.1055921978141,0.7166749729859458,0.0,40.0,11.356,0.053,202.098,213.454
ME-01AD002,1.2410773143116915,-2119.8227652370565,0.3486070834489361,0.0,36.0,43.438,0.115,336.269,379.707
MI-04040500,-1.1710686327390147,2603.1763770974594,0.4246421234065476,-0.0,40.0,-45.672,-0.162,285.632,239.96
MI-04043050,-0.023097676122222598,114.93321164142901,0.6632086746173176,-0.0,40.0,-0.901,-0.013,69.223,68.322
MI-04045500,-0.5584392700156349,1840.5847647819846,0.9229050934914809,-0.0,40.0,-21.779,-0.027,735.433,713.654
MI-04056500,-4.603483851958197,10238.959667197367,0.357906094864779,-0.0,40.0,-179.536,-0.165,1128.665,949.129
MI-04057510,-0.43062857133080945,1027.0125225030292,0.7531271266832609,-0.0,40.0,-16.795,-0.104,174.799,158.004
MI-04057800,-0.3888635251886445,846.0106874276826,0.43881262153485934,-0.0,40.0,-15.166,-0.203,76.45,61.284
MI-04059500,-0.7164114696652504,1897.164732080332,1.0,-0.0,40.0,-27.94,-0.062,479.386,451.446
MI-04105700,0.124841008633994,-233.09974791166894,0.0260259359532502,2.0,40.0,4.868,0.281,13.961,18.829
MI-04115265,0.05667436895538142,-93.29793958238912,0.6427431760684212,0.0,31.0,1.7,0.081,19.371,21.071
MI-04122200,0.6103549013242222,-1025.356595652611,0.30956401229803676,0.0,40.0,23.804,0.114,182.536,206.34
MI-04122500,0.8451236713125477,-1388.0328223757601,0.4246421234065476,0.0,40.0,32.96,0.105,284.467,317.427
MI-04124000,-0.3980179101474152,1081.453723978253,0.7901381702817245,-0.0,40.0,-15.522,-0.055,293.776,278.254
MI-04127918,-4.6338909274883555,9484.367818247996,0.015681225244583263,-2.0,33.0,-148.285,-0.551,313.898,165.613
MI-04127997,-0.10315362398379196,268.31285573777967,0.7531271266832609,-0.0,40.0,-4.023,-0.065,64.172,60.149
MI-04161580,0.032914445123585025,-50.72793562525927,0.9291243012099806,0.0,35.0,1.119,0.072,14.41,15.529
MN-04015330,0.22874295977955322,-272.1174387379877,0.5452829029299784,0.0,40.0,8.921,0.042,180.565,189.486
MN-05062500,1.6688190321521224,-2903.9625830628324,0.3386829866956895,0.0,33.0,65.084,0.16,398.63,463.714
MN-05129115,1.37656593770825,-2213.5656415589606,0.9398714539943918,0.0,39.0,52.309,0.099,512.035,564.344
MN-05131500,1.5333260262136275,-1586.6932845812587,0.5293245899568817,0.0,40.0,59.8,0.039,1447.759,1507.559
MO-05495000,-6.39384912935746,13636.137227946077,0.5778990721352786,-0.0,40.0,-249.36,-0.274,982.71,733.35
MO-05501000,-7.24909718176777,15455.776732484548,0.3706969845683532,-0.0,40.0,-282.714,-0.297,1109.813,827.099
MO-05503800,-1.2315358220528954,2699.4039763912115,0.3926123103751684,-0.0,39.0,-46.798,-0.197,260.963,214.165
MO-05507600,0.2394666722007912,-116.06363256284692,0.9799402562507284,0.0,39.0,9.1,0.028,358.08,367.18
MO-05508805,-5.23468966810755,11005.359159234456,0.2657461083422321,-0.0,40.0,-204.153,-0.353,645.908,441.755
MO-05514500,-5.450432266620859,13052.212582223721,0.6874625535563468,-0.0,39.0,-207.117,-0.084,2260.357,2053.24
MO-06906800,-28.146151477893326,58091.38205626008,0.09353135296636017,-1.0,31.0,-844.385,-0.482,2136.833,1292.448
MO-06918460,-0.7637537722918506,1959.705943915203,0.8276288084144703,-0.0,40.0,-29.786,-0.06,448.237,418.451
MO-06919500,-2.91005665268164,6813.7468666533105,0.6808572133380828,-0.0,40.0,-113.492,-0.113,1054.745,941.253
MO-06921070,-6.7770359384675505,14295.010313780578,0.29818612881587514,-0.0,40.0,-264.304,-0.329,883.256,618.952
MO-06921200,0.28001799313217973,-194.87476578600968,1.0,0.0,40.0,10.921,0.028,359.281,370.202
MO-06934000,25.03077053698606,-45658.276628795895,0.10275196797700414,0.0,32.0,775.954,0.146,4077.864,4853.818
MO-07014500,-6.336542377973714,14707.82196477659,0.9229050934914809,-0.0,40.0,-247.126,-0.104,2167.805,1920.679
MO-07057500,2.1519641651234114,-3609.859150803906,0.3971171572571701,0.0,40.0,83.927,0.079,648.878,732.805
MO-07066000,3.6993934430338413,-6643.304857126482,0.3971171572571701,0.0,40.0,144.276,0.169,677.795,822.071
MO-07067000,-3.9146418209451714,9901.04569829881,0.6986822359824363,-0.0,40.0,-152.671,-0.057,2153.97,2001.299
MO-07068000,8.024325822480058,-13535.43069309419,0.4981364283916774,0.0,40.0,312.949,0.096,2344.71,2657.659
MO-07071500,1.9502904098242595,-3298.8005611509934,0.4246421234065476,0.0,40.0,76.061,0.085,560.824,636.885
MS-02430085,-0.31905194860456876,683.0469508836348,0.29818612881587514,-0.0,40.0,-12.443,-0.269,51.643,39.2
MS-02430615,-0.47711395067515205,979.6004589718536,0.11789500171022893,-0.0,32.0,-14.791,-0.485,35.392,20.601
MS-02472000,-7.997056964455817,17876.570181830382,0.8465282828044682,-0.0,40.0,-311.885,-0.153,2050.394,1738.509
MS-02472500,-1.014490636595775,2702.7404581795095,0.9806980673807666,-0.0,40.0,-39.565,-0.053,695.063,655.498
MS-02479155,-1.8914584852646836,3971.807850911853,0.383767900437737,-0.0,40.0,-73.767,-0.333,228.612,154.845
MS-02479300,-5.98901478620123,13026.88867825241,0.4246421234065476,-0.0,40.0,-233.571,-0.193,1174.628,941.057
MS-02479560,-8.23041836969612,17779.79803308617,0.43881262153485934,-0.0,40.0,-320.986,-0.215,1491.8,1170.814
MS-02481000,-3.205220996155188,6842.9673520389615,0.38087509602077274,-0.0,38.0,-125.004,-0.278,499.835,374.831
MS-02481510,-3.0097197851911544,7056.809121194832,0.8845825962766167,-0.0,40.0,-117.379,-0.11,1100.574,983.195
MS-03592718,-1.3447373958933009,2760.59845431871,0.27128711578294107,-0.0,34.0,-44.376,-0.489,99.363,54.987
MS-07290650,-23.67860438478906,49834.28710541461,0.5925510100829448,-0.0,33.0,-923.466,-0.366,2974.329,2050.863
MS-07291000,-3.932010780577733,8568.892807443754,0.6928385117296678,-0.0,37.0,-153.348,-0.191,787.443,634.095
MS-07292500,-38.27190420386293,78722.95502385184,0.09932636867264089,-1.0,37.0,-1492.605,-0.583,2982.857,1490.252
MS-07295000,-2.8419590666836645,6671.804355857714,0.9291243012099806,-0.0,35.0,-110.836,-0.115,1047.567,936.731
MT-06037500,-1.5097238142720177,3190.2017905027706,0.43431144285625,-0.0,32.0,-51.331,-0.274,194.91,143.579
MT-06043500,4.242109660993958,-7661.715150404173,0.37859457687479137,0.0,36.0,165.442,0.185,733.42,898.862
MT-06154410,0.05154341423681268,-99.14272933356514,0.09502476539267057,1.0,30.0,1.494,0.315,2.862,4.356
MT-06191000,0.8492065600419824,-1503.2398635887635,0.6756918645043961,0.0,34.0,28.024,0.141,182.435,210.459
MT-06191500,18.558229075358074,-33716.39195224901,0.2657461083422321,0.0,40.0,723.771,0.2,3010.343,3734.114
MT-06289000,1.3374775603119469,-2526.3070916460015,0.2263989227367953,0.0,40.0,52.162,0.352,120.561,172.723
MT-12358500,3.3923697764397973,-3325.1930249086618,0.6284746536839203,0.0,40.0,132.302,0.037,3388.307,3520.609
MT-12374250,0.37176801937807424,-733.9421135144036,0.004121765024005075,3.0,36.0,13.012,1.062,3.274,16.286
MT-12375900,0.09858590454338384,-173.0184934584827,0.16400104161437512,0.0,36.0,3.451,0.14,22.477,25.928
MT-12377150,0.3415368931780546,-619.826379939112,0.06909725970750502,1.0,36.0,11.954,0.187,57.441,69.395
MT-12381400,0.8632407592351707,-1646.71736508215,0.05704160286357429,1.0,36.0,30.213,0.363,65.089,95.302
MT-12390700,0.21233242818287743,-172.95514298945264,0.7901381702817245,0.0,40.0,8.281,0.033,247.251,255.532
NB-01AD003,0.009335782647702566,12.787617165387196,0.7821011605739105,0.0,39.0,0.355,0.01,31.263,31.618
NB-01AJ004,0.06208527544840235,-110.25507907701251,0.08275446971362044,1.0,39.0,2.359,0.17,12.612,14.971
NB-01AJ010,0.05724206607032421,-103.20891048671292,0.07839650345012883,1.0,39.0,2.175,0.195,10.073,12.248
NB-01AK001,0.03076371936715274,-55.375868089375444,0.04168527148667445,2.0,39.0,1.169,0.189,5.506,6.675
NB-01AP002,0.06006642565344148,-100.2592996121897,0.21793165186589158,0.0,39.0,2.283,0.111,18.612,20.895
NB-01AP004,0.09994321341200028,-170.8422222556803,0.24742959333188796,0.0,39.0,3.798,0.12,26.945,30.743
NB-01AQ001,0.09941614523098138,-190.4241404426829,0.0029219617499485206,3.0,40.0,3.878,0.437,6.32,10.198
NB-01BC001,0.2939594600841802,-497.15601163710045,0.20868467068315733,0.0,39.0,11.17,0.119,84.59,95.76
NB-01BE001,0.3545545773649493,-652.7750441225699,0.0664319208094235,1.0,39.0,13.474,0.233,48.888,62.362
NB-01BJ003,0.05368370962209523,-89.88087393508039,0.13139372811216554,0.0,39.0,2.04,0.114,16.359,18.399
NB-01BL002,0.021978403193532763,-39.26162752490404,0.13794566169862832,0.0,39.0,0.835,0.184,4.234,5.069
NB-01BO001,0.6914629619270241,-1239.2006860597571,0.09701680612834318,1.0,39.0,26.275,0.183,129.205,155.48
NB-01BP001,0.2180778894207421,-399.1958034166741,0.10218587988644079,0.0,39.0,8.287,0.211,32.38,40.667
NB-01BQ001,0.17911770157077672,-329.74882430647153,0.11318006551620097,0.0,39.0,6.807,0.23,24.725,31.532
NB-01BS001,0.001678247896301599,2.386834593021829,0.8800839006711907,0.0,39.0,0.064,0.011,5.708,5.772
NB-01BU002,0.020023922131673543,-28.000689061667767,0.4658973881161266,0.0,39.0,0.761,0.063,11.627,12.388
NB-01BV006,0.049091590774927016,-91.27385763157842,0.03922750658480556,2.0,39.0,1.866,0.258,5.878,7.744
NC-02053200,-0.08961926597213932,479.49355904602714,0.6457450970456375,-0.0,40.0,-3.495,-0.009,302.137,298.642
NC-02077200,0.70626075970655,-1296.9654124028773,0.1466059857808104,0.0,40.0,27.544,0.206,100.725,128.269
NC-02081500,0.946967386356437,-1506.4780529799264,0.5452829029299784,0.0,40.0,36.932,0.091,367.57,404.502
NC-02082950,-1.7786168161291953,3804.750815099815,0.4829170444568125,-0.0,40.0,-69.366,-0.23,284.868,215.502
NC-02084557,-0.031090413016147546,90.70530994963195,0.9229050934914809,-0.0,40.0,-1.212,-0.036,29.177,27.965
NC-02092500,2.1630339354134804,-4059.343490762502,0.19974847790467765,0.0,40.0,84.358,0.202,221.301,305.659
NC-02096846,-0.16157096155797238,340.62025278336864,0.46443447665483895,-0.0,30.0,-4.686,-0.252,19.256,14.57
NC-02102908,-0.0001825635671859782,7.965276049675637,0.7531271266832609,-0.0,40.0,-0.007,-0.001,7.604,7.597
NC-02108000,4.661000497162886,-8594.785617483674,0.19139541400462035,0.0,40.0,181.779,0.184,629.334,811.113
NC-02111180,0.05860166476850655,0.31338205373542394,0.5293245899568817,0.0,40.0,2.286,0.019,116.286,118.572
NC-02111500,-0.03594564980957127,188.5145161369861,0.8845825962766167,-0.0,40.0,-1.402,-0.011,117.378,115.976
NC-02112120,-0.6485666556759478,1462.7803603489847,0.8125085458048833,-0.0,35.0,-22.051,-0.12,179.267,157.216
NC-02112360,-1.1986822819743936,2501.1967223350384,0.27263754267559737,-0.0,35.0,-40.755,-0.374,129.004,88.249
NC-02118500,0.22202479257026236,-180.35353549667207,0.6284746536839203,0.0,40.0,8.658,0.033,259.034,267.692
NC-02125000,-1.19503312665923,2554.4376699730387,0.7212260985001633,-0.0,31.0,-35.851,-0.201,189.467,153.616
NC-02128000,-2.196769119207529,4610.807084887673,0.32122506421997343,-0.0,40.0,-85.674,-0.323,263.401,177.727
NC-02137727,0.4846246152967653,-739.5146247185041,0.9687017187842499,0.0,38.0,17.931,0.067,220.527,238.458
NC-02140991,3.0607893919866243,-5718.422981168949,0.6614992026619251,0.0,33.0,97.945,0.216,360.305,458.25
NC-02143000,-0.9402416632147916,2046.6248946404717,0.5945442759036266,-0.0,40.0,-36.67,-0.22,185.887,149.217
NC-02143040,-0.2626847269067789,587.7064842601817,0.6632086746173176,-0.0,40.0,-10.244,-0.162,67.853,57.609
NC-02149000,-0.1302369026060776,388.22295877160553,0.8465282828044682,-0.0,40.0,-5.079,-0.039,130.484,125.405
NC-02152100,-0.03955844445666523,183.13658169844115,0.9806980673807666,-0.0,40.0,-1.542,-0.014,104.85,103.308
NC-03161000,0.7333714378140043,-1128.4280208694393,0.4246421234065476,0.0,40.0,28.602,0.074,322.914,351.516
NC-03439000,0.8389458931332632,-1481.1738682238474,0.19974847790467765,0.0,40.0,32.719,0.16,179.1,211.819
NC-03450000,0.027153494666772342,-42.69297837869526,0.6091300700836291,0.0,34.0,1.032,0.076,11.071,12.103
NC-03455500,-0.21659500891772293,543.2419187914527,0.9806980673807666,-0.0,40.0,-8.447,-0.071,114.6,106.153
NC-03456500,0.24271292849316928,-338.71090653715305,0.4981364283916774,0.0,40.0,9.466,0.056,141.618,151.084
NC-03460000,-0.04773611885681371,188.48639014451044,0.8845825962766167,-0.0,40.0,-1.862,-0.018,94.017,92.155
NC-03463300,0.9584622265622369,-1754.425403703103,0.2762780286051476,0.0,40.0,37.38,0.191,142.371,179.751
NC-03479000,-0.7745503248174188,1790.2475104816142,0.9421393594576422,-0.0,40.0,-30.207,-0.112,257.412,227.205
NC-03500000,0.3561451353380518,-431.4203370465531,0.5136072924876847,0.0,40.0,13.89,0.048,273.391,287.281
NC-03500240,-0.4834670506138853,1076.9305373011025,0.5614764462408652,-0.0,40.0,-18.855,-0.159,120.149,101.294
NC-03504000,0.02784692891250984,93.16179852907115,0.7531271266832609,0.0,40.0,1.086,0.007,148.271,149.357
ND-05056000,2.6443462797772312,-5125.544187821806,0.18330223399258028,0.0,40.0,103.13,0.436,107.617,210.747
ND-05057000,4.538476097402122,-8787.137867773632,0.062473751784394294,1.0,40.0,177.001,0.475,194.506,371.507
ND-05057200,1.3304539153145236,-2591.613554302441,0.027691398345963902,2.0,40.0,51.887,0.474,41.355,93.242
ND-05120500,0.03566733454133043,-42.96803159817979,0.6986822359824363,0.0,40.0,1.391,0.03,27.618,29.009
ND-05123400,1.6164337371215165,-3139.0158594554446,0.055965286351284727,1.0,40.0,63.04,0.46,59.907,122.947
ND-06332515,-0.028020439342591456,70.0553850254318,0.7348263750767032,-0.0,40.0,-1.093,-0.058,14.603,13.51
ND-06339100,0.42487557421068806,-798.8191813183585,0.383767900437737,0.0,40.0,16.57,0.261,42.01,58.58
ND-06339500,0.4607935353472749,-763.8114229699817,0.4829170444568125,0.0,40.0,17.971,0.082,148.099,166.07
ND-06344600,-0.07213146440807094,179.92835289191316,0.7715676600867172,-0.0,40.0,-2.813,-0.052,37.18,34.367
ND-06350000,-0.9066391171430156,1877.0824487351904,0.4829170444568125,-0.0,40.0,-35.359,-0.271,82.844,47.485
ND-06352000,-0.3176036152117556,696.4968320637199,0.961407429045934,-0.0,40.0,-12.386,-0.103,67.959,55.573
ND-06353000,-0.5801436548204641,1303.3224233974079,0.9806980673807666,-0.0,40.0,-22.625,-0.091,155.218,132.593
ND-06354000,-1.3230382129261844,2972.984965466623,0.899954323586782,-0.0,39.0,-50.275,-0.078,354.692,304.417
ND-06468170,0.8271168812072895,-1555.0455021586297,0.7166749729859458,0.0,40.0,32.257,0.163,81.819,114.076
ND-06468250,0.49709838747426993,-885.2105280794292,0.757996646747342,0.0,33.0,15.907,0.068,102.027,117.934
ND-06470800,0.3370459841968688,-638.7136248404154,0.21724725095772923,0.0,40.0,13.145,0.239,28.3,41.445
NE-06453600,0.14271499983524627,-171.11386710912834,0.9398714539943918,0.0,39.0,5.423,0.03,111.319,116.742
NE-06601000,-0.8989690558723269,1869.1982484135438,0.32122506421997343,-0.0,40.0,-35.059,-0.356,90.138,55.079
NE-06775500,0.1950410245454144,-343.44329950345633,0.03129956141415091,2.0,40.0,7.606,0.166,42.543,50.149
NE-06784000,-0.7592972793459604,1634.863794226772,0.19974847790467765,-0.0,40.0,-29.612,-0.182,132.214,102.602
NE-06803510,-0.7959130869775687,1633.247170078302,0.22746955681557246,-0.0,39.0,-30.245,-0.492,58.135,27.89
NE-06803530,-0.6597655882887262,1459.1340324149846,0.5614764462408652,-0.0,40.0,-25.731,-0.167,153.458,127.727
NH-01073000,-0.0414614187977745,112.1999443364504,1.0,-0.0,40.0,-1.617,-0.052,30.148,28.531
NH-01078000,-0.4097876688914748,1026.6215958067933,0.7531271266832609,-0.0,40.0,-15.982,-0.076,215.652,199.67
NH-01137500,-0.04679229515448672,396.0364461482089,0.8465282828044682,-0.0,40.0,-1.824,-0.006,303.434,301.61
NJ-01411300,-0.06481834584997839,156.76281283813898,0.9037158067879054,-0.0,40.0,-2.528,-0.082,28.487,25.959
NJ-01440000,0.32431316710825525,-513.4472868457774,0.5293245899568817,0.0,40.0,12.649,0.087,128.368,141.017
NJ-01466500,-0.0022767096738228474,5.412067706087104,0.9421393594576422,-0.0,40.0,-0.088,-0.092,0.906,0.818
NL-02YC001,-0.13146312902096677,288.26617975666124,0.04699325890555883,-2.0,39.0,-4.996,-0.192,28.101,23.105
NL-02YJ001,-0.07822099206881833,181.07638366682076,0.1250856595446186,-0.0,39.0,-2.972,-0.117,26.277,23.305
NL-02YL001,-0.33744611237868066,765.1284603118158,0.04168527148667445,-2.0,39.0,-12.823,-0.14,97.323,84.5
NL-02YQ001,-0.19391001604240704,498.4981501545886,0.383767900437737,-0.0,40.0,-7.562,-0.07,114.75,107.188
NL-02YR001,0.003136535573709379,-1.0232652447697186,0.45325103254848376,0.0,40.0,0.122,0.023,5.184,5.306
NL-02YS003,0.0024882745618781898,-3.566969871779713,0.3788412517838009,0.0,39.0,0.095,0.068,1.357,1.452
NL-02ZB001,0.009048395245597017,0.6043138201741236,0.7628611639449314,0.0,39.0,0.344,0.017,18.511,18.855
NL-02ZF001,-0.2899082465224635,607.1581452537387,0.011100318653191055,-2.0,39.0,-11.307,-0.381,33.43,22.123
NL-02ZG001,0.009193005927634024,-10.749154598202711,0.6874625535563468,0.0,39.0,0.349,0.042,7.444,7.793
NL-02ZH001,-0.09500192278970807,216.929451504276,0.1745380369906271,-0.0,39.0,-3.61,-0.132,28.921,25.311
NL-02ZK001,0.006903130009401325,-1.796198140927931,0.7437665722846407,0.0,39.0,0.262,0.022,11.865,12.127
NL-02ZM006,0.0007684436936931462,-1.3152290742546517,0.15911527765643196,0.0,39.0,0.029,0.131,0.206,0.235
NL-03NF001,-0.7144888174911186,1626.54655906401,0.2909499400610436,-0.0,39.0,-27.865,-0.135,212.573,184.708
NL-03QC001,-0.6884120161408802,1683.9962709365689,0.8240484528174716,-0.0,38.0,-25.471,-0.079,320.252,294.781
NL-03QC002,-0.16518030962522356,409.28731841035176,0.21724725095772923,-0.0,40.0,-6.442,-0.082,82.395,75.953
NM-07208500,-0.25981455126297337,531.5545643603072,0.10502173077524635,-0.0,40.0,-10.133,-0.544,17.382,7.249
NM-07226500,-0.43943648984680594,929.7574867216528,1.0,-0.0,36.0,-17.138,-0.231,60.113,42.975
NM-08267500,-0.6361216775137826,1303.5333506122442,0.09993379657133428,-1.0,40.0,-24.809,-0.688,44.649,19.84
NM-08269000,-1.1129032583864122,2254.6213139358324,0.005814073275163256,-3.0,40.0,-43.403,-1.164,52.186,8.783
NM-08271000,-0.4323018168433239,884.728026783515,0.05292901699473074,-1.0,40.0,-16.86,-0.796,29.203,12.343
NM-08324000,-2.6317732618602885,5334.3695249146,0.0010006307371452916,-3.0,40.0,-102.639,-1.125,126.09,23.451
NM-08377900,-0.9499220489099482,1942.2555075859739,0.09034851458293014,-1.0,40.0,-37.047,-0.78,62.36,25.313
NM-08378500,-2.6418095305981355,5388.972668335084,0.055965286351284727,-1.0,40.0,-103.031,-0.834,160.832,57.801
NM-08380500,-0.2556643420611239,536.6801411622632,0.6808572133380828,-0.0,40.0,-9.971,-0.318,30.72,20.749
NM-09386900,-0.5463768835043434,1098.3255191526143,0.0016598077803320344,-3.0,40.0,-21.309,-1.271,17.046,-4.263
NM-09430500,-3.020339587324112,6292.100199075215,0.29818612881587514,-0.0,40.0,-117.793,-0.338,314.848,197.055
NM-09430600,-0.04648766220730263,150.829336733407,0.9037158067879054,-0.0,40.0,-1.813,-0.021,58.83,57.017
NS-01DG003,0.024109308301677415,-44.08717180136009,0.03689390276485449,2.0,39.0,0.916,0.231,3.625,4.541
NS-01DL001,0.002580062045939374,-2.8569672177648022,0.30698585474987405,0.0,37.0,0.098,0.04,2.249,2.347
NS-01DP004,0.0038423564475959116,-4.00415818045872,0.470351418087696,0.0,37.0,0.146,0.038,3.6,3.746
NS-01EC001,0.05157411732587745,-89.83211917809226,0.055965286351284727,1.0,40.0,2.011,0.144,12.233,14.244
NS-01ED005,0.060976895252056726,-105.49928422557149,0.21303867828843526,0.0,35.0,2.378,0.137,15.174,17.552
NS-01ED007,0.01575218607318182,-23.952232396760582,0.357906094864779,0.0,40.0,0.615,0.074,7.221,7.836
NS-01EF001,0.07143307668308091,-107.27627835169937,0.2554939683022921,0.0,40.0,2.786,0.074,34.09,36.876
NS-01EO001,0.08608765174840625,-120.41990202148683,0.2657461083422321,0.0,40.0,3.357,0.065,49.948,53.305
NS-01FA001,0.005082595081692675,-1.1331075037530773,0.9229050934914809,0.0,40.0,0.199,0.022,8.925,9.124
NS-01FB001,-0.0932213391858441,207.35792818657106,0.19139541400462035,-0.0,40.0,-3.636,-0.172,22.873,19.237
NS-01FB003,-0.032282024230893866,72.33257121108336,0.062473751784394294,-1.0,40.0,-1.259,-0.159,8.446,7.187
NT-07OB001,-0.634839229982233,1399.4529074997313,0.7239911390149285,-0.0,38.0,-24.124,-0.172,143.106,118.982
NT-07RD001,-0.22768448579789918,481.34054162617,0.22541303195972806,-0.0,37.0,-8.424,-0.281,30.753,22.329
NT-10EB001,-0.49502415146582734,1256.8235490009574,0.6471242716513834,-0.0,38.0,-18.316,-0.066,277.171,258.855
NT-10FA002,0.5223095082344434,-992.7673192219625,0.04168527148667445,2.0,39.0,19.848,0.39,40.883,60.731
NT-10LA002,-0.5522595903404982,1326.897820922187,0.4264505315507925,-0.0,36.0,-20.434,-0.089,233.976,213.542
NT-10LC007,0.06594818980644637,-127.84537687636279,0.21171183194124232,0.0,31.0,2.44,0.63,2.666,5.106
NT-10MC002,-6.661494862003685,14214.48599194111,0.16789391238547768,-0.0,34.0,-239.814,-0.256,1031.388,791.574
NT-10ND002,-0.00736386419770757,15.412227765642465,0.148634710747773,-0.0,30.0,-0.236,-0.315,0.839,0.603
NT-10PB001,-0.3901268984589862,838.5529840896168,0.2045653965108014,-0.0,38.0,-14.435,-0.216,66.492,52.057
NU-06LC001,1.532146478304253,-2622.1249439863013,0.4856103851418121,0.0,33.0,55.157,0.13,409.993,465.15
NU-10RC001,6.1473359242717835,-11345.758200402519,0.18291855854907912,0.0,30.0,227.451,0.258,819.82,1047.271
NV-10244950,-0.05204227309735039,106.44585924947916,0.05003164280090533,-1.0,40.0,-2.029,-0.583,3.454,1.425
NV-10249300,-0.07959282387929309,164.82063109007447,0.28709103347587495,-0.0,40.0,-3.104,-0.382,7.306,4.202
NV-10316500,-0.10142584828854644,275.9358576328603,0.7531271266832609,-0.0,40.0,-3.956,-0.05,75.214,71.258
NV-10329500,-0.6572387057407747,1347.9363002461246,0.1158129900126863,-0.0,40.0,-25.632,-0.465,47.261,21.629
NV-13161500,-1.7231909287112728,3562.2887312635617,0.24441573431054664,-0.0,38.0,-67.205,-0.51,152.094,84.889
NY-01350000,-3.2774661458630883,7390.4656127488015,0.6986822359824363,-0.0,40.0,-127.821,-0.142,904.36,776.539
NY-01350080,-0.22562357466544256,524.2664052270378,0.9728828650934778,-0.0,32.0,-6.994,-0.089,75.952,68.958
NY-01350140,0.2138286477609222,-387.6397161792053,0.2657461083422321,0.0,40.0,8.339,0.197,35.527,43.866
NY-01362200,-0.5445452767039713,1295.726084844316,0.7901381702817245,-0.0,40.0,-21.237,-0.093,218.071,196.834
NY-01365000,-0.23372650765211994,599.6920484454284,0.7531271266832609,-0.0,40.0,-9.115,-0.065,137.147,128.032
NY-01413500,-0.826964586298197,2086.1651471632586,0.9229050934914809,-0.0,40.0,-32.251,-0.073,449.602,417.351
NY-01414500,-0.09389783203334867,259.41656980002665,0.8088286305084,-0.0,40.0,-3.662,-0.047,73.593,69.931
NY-01415000,0.10109859849867298,-131.1557107053932,0.6114052024347298,0.0,40.0,3.943,0.049,68.918,72.861
NY-01423000,-0.4043274208314187,1565.9361196311604,0.7715676600867172,-0.0,40.0,-15.769,-0.019,765.772,750.003
NY-01434025,-0.08666816250485986,188.44093120167483,0.5732109789122801,-0.0,35.0,-2.946,-0.176,16.491,13.545
NY-01435000,-1.7451443198445324,3763.2572812080034,0.30956401229803676,-0.0,40.0,-68.061,-0.235,309.617,241.556
NY-01510000,1.577064786925572,-2774.9238977662844,0.21724725095772923,0.0,40.0,61.506,0.161,346.087,407.593
NY-04216418,0.9462718582171787,-1719.3422871988605,0.0202006761638156,2.0,40.0,36.904,0.206,153.33,190.234
NY-04221000,0.21488516027283455,71.00879816604169,0.6808572133380828,0.0,40.0,8.38,0.015,496.267,504.647
NY-04224775,0.7470229788011491,-1353.3670440503363,0.16054611379599892,0.0,40.0,29.134,0.2,124.991,154.125
NY-04233000,0.3202781045296006,-584.1508851601089,0.355310453336267,0.0,33.0,10.249,0.166,49.679,59.928
NY-04256000,-0.30566083373586594,853.3146934505413,0.7348263750767032,-0.0,40.0,-11.921,-0.049,248.412,236.491
OH-03140000,0.4434885443679384,-837.3031745773034,0.027691398345963902,2.0,40.0,17.296,0.3,40.361,57.657
OH-03144000,-1.0670798478892825,2411.6514250447076,0.6808572133380828,-0.0,40.0,-41.616,-0.13,299.9,258.284
OH-03159540,2.078735142439018,-3792.648696437308,0.18330223399258028,0.0,40.0,81.071,0.216,321.168,402.239
OH-03237280,0.12397265971590607,-218.24150565703167,0.2455200156805981,0.0,40.0,4.835,0.143,27.1,31.935
OH-03237500,2.9693800044917835,-4815.552459529976,0.43881262153485934,0.0,40.0,115.805,0.096,1060.851,1176.656
OH-03238500,4.699648498474213,-8606.364157954224,0.062196528651478955,1.0,33.0,150.389,0.18,694.24,844.629
OH-03241500,0.32034263145996533,-514.1016782335207,0.383767900437737,0.0,40.0,12.494,0.097,119.856,132.35
OH-04185000,-0.5124682656573809,1588.3400407956806,0.6808572133380828,-0.0,40.0,-19.986,-0.035,574.165,554.179
OH-04196800,3.5453978479147557,-6631.550132406934,0.13999263656729632,0.0,40.0,138.271,0.294,384.792,523.063
OH-04197100,2.8607724117914133,-5406.49834170219,0.017740654240938847,2.0,40.0,111.57,0.357,254.97,366.54
OH-04197170,0.6994037753308814,-1311.3600641635835,0.18213835260866817,0.0,35.0,23.78,0.248,76.257,100.037
OH-04213000,-0.9366530326736324,2380.7931990578136,0.8655164609304618,-0.0,40.0,-36.53,-0.069,527.157,490.627
OK-07148400,-2.820576679496071,5827.38062948532,0.05601363814589577,-1.0,39.0,-107.182,-0.482,242.639,135.457
OK-07197000,1.4533772592999856,-2217.3669118754624,0.5778990721352786,0.0,40.0,56.681,0.069,658.867,715.548
OK-07301500,-4.361942604846584,8840.213225301699,0.024447784188570187,-2.0,40.0,-170.116,-0.66,207.929,37.813
OK-07315700,-8.411658160926411,17449.57820202786,0.08584114842248192,-1.0,40.0,-328.055,-0.386,802.907,474.852
OK-07335700,-0.830534680395352,1879.3146706947055,0.8276288084144703,-0.0,40.0,-32.391,-0.135,235.687,203.296
ON-02AB008,0.020429310992921616,-37.812176529946974,0.1518015055811619,0.0,39.0,0.777,0.265,2.617,3.394
ON-02BF002,-0.11637724611999375,254.92337674536768,0.6874625535563468,-0.0,39.0,-4.423,-0.188,24.613,20.19
ON-02CF008,0.002904555412928566,-2.899967973758427,0.5220542678768723,0.0,37.0,0.111,0.037,2.848,2.959
ON-02EA005,0.010553287995850334,-13.77004082801121,0.6632086746173176,0.0,40.0,0.411,0.059,7.115,7.526
ON-02EC002,0.03869449645432907,-53.02525931783107,0.43881262153485934,0.0,40.0,1.509,0.061,23.551,25.06
ON-02FB007,0.004310362762502642,-4.82012793586805,0.43881262153485934,0.0,40.0,0.168,0.047,3.71,3.878
ON-02FC001,0.2523571936408864,-435.0399594987144,0.20836472630402936,0.0,40.0,9.842,0.143,64.375,74.217
ON-02GA010,-0.022945349751764276,63.382766357387794,0.8209725423085437,-0.0,39.0,-0.895,-0.05,17.974,17.079
ON-02HL004,-0.07662534988239542,163.75754204326833,0.07339972979721177,-1.0,40.0,-2.988,-0.282,12.116,9.128
ON-02JC008,-0.013882024875509859,55.33217379921601,0.632840693851598,-0.0,39.0,-0.528,-0.019,27.86,27.332
ON-02KB001,0.16433718697658578,-279.47001144107634,0.32678580538480606,0.0,39.0,6.245,0.129,45.753,51.998
ON-02LB007,0.015199249047850898,-25.00525018448147,0.539915857350804,0.0,37.0,0.593,0.111,5.074,5.667
ON-04DA001,0.4269491919011625,-806.9933762059768,0.1076814338591705,0.0,38.0,15.797,0.296,37.939,53.736
ON-04GA002,0.3058917723849287,-588.7917368292098,0.04238012079505138,2.0,34.0,11.624,0.514,16.568,28.192
ON-04GB004,1.1556402308297986,-2240.654359264134,0.03092663482068203,2.0,38.0,45.07,0.638,46.358,91.428
ON-04JC002,-0.06740918064247664,160.26811774716398,0.7531271266832609,-0.0,40.0,-2.629,-0.101,26.865,24.236
ON-04KA001,0.01178859468805058,41.29988461095037,0.899954323586782,0.0,39.0,0.447,0.007,64.63,65.077
ON-04LJ001,-0.7354436222154369,1611.8087668593082,0.5296140782563044,-0.0,39.0,-27.947,-0.202,156.366,128.419
ON-04MF001,-0.018073038265336145,160.86020065817655,0.8800839006711907,-0.0,39.0,-0.687,-0.005,125.094,124.407
ON-05PB014,0.09839169955306125,-170.4266528701022,0.9382480146046128,0.0,34.0,3.542,0.123,24.487,28.029
OR-10396000,-1.4764694686787958,3089.496944357603,0.12152609711609252,-0.0,40.0,-57.582,-0.399,167.564,109.982
OR-13331500,0.7240131916305429,-893.8511707458766,0.7715676600867172,0.0,40.0,28.236,0.052,538.971,567.207
OR-14020000,1.0993899670102825,-1925.7979561195834,0.29818612881587514,0.0,40.0,42.876,0.156,249.895,292.771
OR-14092750,0.35211378643047353,-646.0770824339812,0.37859457687479137,0.0,36.0,12.324,0.194,52.165,64.489
OR-14096850,-0.3116122744253772,696.1358753211208,0.9527149346506574,-0.0,35.0,-10.595,-0.132,77.897,67.302
OR-14137000,-1.2736319079892207,3768.942772156426,0.5452829029299784,-0.0,40.0,-49.671,-0.039,1248.425,1198.754
OR-14138800,0.09593396706748028,-108.23493124477933,0.7901381702817245,0.0,40.0,3.742,0.045,81.618,85.36
OR-14138870,-0.005284981339732276,54.11743292600899,0.8088286305084,-0.0,40.0,-0.206,-0.005,43.658,43.452
OR-14138900,0.2949740539325359,-502.33769748446,0.4107427047210992,0.0,40.0,11.504,0.128,81.416,92.92
OR-14139800,0.5525166975911575,-968.055501807338,0.13999263656729632,0.0,40.0,21.548,0.152,125.375,146.923
OR-14141500,0.18877905570896497,-220.36191038188466,0.6457450970456375,0.0,40.0,7.362,0.046,153.232,160.594
OR-14154500,-2.111878334100676,5029.250016297039,0.45325103254848376,-0.0,40.0,-82.363,-0.096,849.843,767.48
OR-14158500,0.5507287113747212,-906.0654503759482,0.6284746536839203,0.0,40.0,21.478,0.103,183.827,205.305
OR-14158790,0.10537008199324731,-96.06377380709806,0.961407429045934,0.0,40.0,4.109,0.035,112.464,116.573
OR-14166500,0.1853926996967024,-60.816841750887875,0.8655164609304618,0.0,40.0,7.231,0.022,306.075,313.306
OR-14182500,1.2469329225977934,-1562.6680893732296,0.6457450970456375,0.0,40.0,48.631,0.051,905.012,953.643
OR-14185000,0.2434446796418201,486.67766740841137,0.9037158067879054,0.0,40.0,9.494,0.009,968.455,977.949
OR-14185900,-0.5540942503179761,1955.0957776517503,0.7166749729859458,-0.0,40.0,-21.609,-0.024,858.543,836.934
OR-14187000,0.9488665977131348,-1656.410091222527,0.3779775180071052,0.0,30.0,27.517,0.103,230.886,258.403
OR-14301000,7.99554654338684,-12277.370533356796,0.7531271266832609,0.0,40.0,311.826,0.086,3545.816,3857.642
OR-14303200,0.08740091479194995,-153.90658235952975,0.6999147656727214,0.0,35.0,2.971,0.125,19.497,22.468
OR-14305500,3.662799767439784,-5466.848519466026,0.7166749729859458,0.0,40.0,142.849,0.071,1781.832,1924.681
OR-14306340,0.41289194865773976,-788.0400319586212,0.01916725204321512,2.0,35.0,14.038,0.33,31.138,45.176
OR-14306500,-0.21059563818921234,2295.8955338157066,0.8276288084144703,-0.0,40.0,-8.213,-0.004,1879.127,1870.914
OR-14308990,0.0873715524887468,-51.05188750967797,0.54850039361213,0.0,33.0,2.796,0.02,122.468,125.264
OR-14309500,-0.5724092415582334,1576.317992513235,0.7166749729859458,-0.0,40.0,-22.324,-0.051,443.52,421.196
OR-14316700,-3.3538978250722153,7763.973365417447,0.4829170444568125,-0.0,40.0,-130.802,-0.121,1126.61,995.808
OR-14325000,-1.7343589303737348,4637.6878216332325,0.6114052024347298,-0.0,40.0,-67.639,-0.053,1205.391,1137.752
OR-14362250,0.058154572490291254,-109.85742621188011,0.5335299141597474,0.0,35.0,1.978,0.201,5.521,7.499
OR-14400000,-10.583471746089918,24600.56057306054,0.4981364283916774,-0.0,40.0,-412.755,-0.116,3655.87,3243.115
PA-01439500,-0.13887160330580256,527.2945760139103,0.9229050934914809,-0.0,40.0,-5.416,-0.021,252.468,247.052
PA-01440400,-0.2998862379217495,771.1601579506282,1.0,-0.0,40.0,-11.695,-0.064,177.685,165.99
PA-01451800,-0.025171368868089142,182.68571937315565,0.8088286305084,-0.0,40.0,-0.982,-0.007,132.872,131.89
PA-01516500,-0.042390957951201014,107.90592554793662,1.0,-0.0,40.0,-1.653,-0.059,24.014,22.361
PA-01518862,1.223572156886263,-2265.0475122466287,0.17261516227968454,0.0,35.0,41.601,0.216,162.52,204.121
PA-01532000,-2.264815622234238,4994.831230196701,0.5945442759036266,-0.0,40.0,-88.328,-0.154,512.761,424.433
PA-01539000,0.27029030213566296,78.62940997108001,0.7531271266832609,0.0,40.0,10.541,0.015,613.534,624.075
PA-01542810,-0.024332845752831553,63.493684802610744,0.8465282828044682,-0.0,40.0,-0.949,-0.061,15.339,14.39
PA-01543000,1.8253300694357866,-2984.3326904300093,0.45325103254848376,0.0,40.0,71.187,0.103,627.996,699.183
PA-01543500,0.338969950852822,819.6256673542359,0.7531271266832609,0.0,40.0,13.22,0.008,1490.447,1503.667
PA-01544500,-1.5767227539310409,3431.7655957149714,0.32122506421997343,-0.0,40.0,-61.492,-0.188,311.431,249.939
PA-01545600,-0.09242995173347109,271.8838679074934,0.8088286305084,-0.0,40.0,-3.605,-0.037,88.965,85.36
PA-01547700,0.004116398321725693,82.45908113326982,0.7901381702817245,0.0,40.0,0.161,0.002,90.605,90.766
PA-01548500,-2.0135505390980195,5159.221107678462,0.9037158067879054,-0.0,40.0,-78.529,-0.064,1174.405,1095.876
PA-01549500,-0.22773666834252987,546.5011417189482,0.8655164609304618,-0.0,40.0,-8.881,-0.091,95.81,86.929
PA-01550000,-0.12039927844590945,669.5439232932091,0.8655164609304618,-0.0,40.0,-4.696,-0.01,431.274,426.578
PA-01552000,-5.946135875429183,12901.181329651397,0.4829170444568125,-0.0,40.0,-231.899,-0.191,1133.778,901.879
PA-01552500,-0.5804280682661528,1233.9659192273084,0.3331693388353718,-0.0,40.0,-22.637,-0.288,85.299,62.662
PA-01557500,-0.22406242483718675,542.5119409279029,0.9806980673807666,-0.0,40.0,-8.738,-0.086,99.092,90.354
PA-01564500,-1.7730309233876285,3888.5251993947036,0.3453965562420982,-0.0,40.0,-69.148,-0.163,379.697,310.549
PA-01567500,-0.2332878877267574,495.3180347476701,0.2657461083422321,-0.0,40.0,-9.098,-0.27,33.641,24.543
PA-01568000,-0.37096208841133427,1210.6954506581944,0.9037158067879054,-0.0,40.0,-14.467,-0.03,476.561,462.094
PA-01613050,-0.04984678250436675,122.20175995698844,0.6986822359824363,-0.0,40.0,-1.944,-0.078,23.555,21.611
PA-03010655,0.09946503838050355,-6.169356861505349,0.9229050934914809,0.0,40.0,3.879,0.019,190.672,194.551
PA-03011800,-0.21046491433477213,512.0553034446193,0.6808572133380828,-0.0,40.0,-8.208,-0.088,95.545,87.337
PA-03015500,2.2603028478113263,-3705.318122255292,0.3706969845683532,0.0,40.0,88.152,0.104,767.821,855.973
PA-03021350,1.1844234669043583,-1999.3113737738063,0.1534557123832827,0.0,40.0,46.192,0.128,344.663,390.855
PA-03026500,-0.09755241134005323,214.63828787265467,0.19974847790467765,-0.0,40.0,-3.804,-0.189,21.582,17.778
PA-03028000,-0.010033376953349679,181.09386144820797,0.8088286305084,-0.0,40.0,-0.391,-0.002,161.238,160.847
PA-03049000,1.9387491056035806,-3605.390602630878,0.1466059857808104,0.0,40.0,75.611,0.264,231.394,307.005
PA-03049800,0.06886432569506332,-128.30302185860464,0.10502173077524635,0.0,40.0,2.686,0.224,7.979,10.665
PA-04213075,0.05381811139579204,-96.81061169287423,0.2341449862943059,0.0,32.0,1.668,0.131,10.126,11.794
PE-01CA003,0.014729709884631096,-28.141820657382077,0.0023469904045185785,3.0,39.0,0.56,0.401,1.008,1.568
PE-01CB004,0.008430742575418593,-15.734309510531329,0.1779400542847822,0.0,38.0,0.32,0.277,0.95,1.27
QC-02LG005,-0.3121518473978101,751.0928592708292,1.0,-0.0,32.0,-10.301,-0.08,133.344,123.043
QC-02NF003,-0.015385629309465543,56.483810106086175,0.8890947898386434,-0.0,34.0,-0.508,-0.02,26.036,25.528
QC-02OE027,0.00840316600473424,3.1073473604022688,0.7339104943970112,0.0,32.0,0.278,0.014,19.737,20.015
QC-02PB006,-0.045687323636830805,113.05109009186704,0.6984894773302321,-0.0,34.0,-1.508,-0.069,22.636,21.128
QC-02QA002,0.3038324863864037,-562.8346493873602,0.028580768516166755,2.0,33.0,10.026,0.226,38.45,48.476
QC-02RF001,-1.2672850043436357,2788.212210686529,0.9876377419871505,-0.0,34.0,-41.82,-0.162,280.255,238.435
QC-02RG005,-0.4832335089659499,1009.8016277622534,0.19843040968125814,-0.0,34.0,-15.947,-0.32,53.483,37.536
QC-02UC002,-1.364114175954673,3109.4444650132473,0.6685166224807093,-0.0,31.0,-45.016,-0.117,409.863,364.847
QC-02VC001,-0.7964451693624583,1861.3418770540757,0.5925510100829448,-0.0,33.0,-26.283,-0.094,285.177,258.894
QC-04NA001,-0.11373580884866166,269.0355397084613,0.2341449862943059,-0.0,32.0,-3.753,-0.091,43.952,40.199
RI-01117468,-0.08368572020613829,182.51494377366862,0.5136072924876847,-0.0,40.0,-3.264,-0.187,16.901,13.637
SC-02110500,-6.854564075905335,15013.137720343511,0.6114052024347298,-0.0,40.0,-267.328,-0.167,1447.955,1180.627
SD-05291000,1.4498919189256847,-2718.764783833194,0.3453965562420982,0.0,40.0,56.546,0.259,150.571,207.117
SD-06360500,4.941707169744882,-9399.888072398442,0.5614764462408652,0.0,40.0,192.727,0.219,379.75,572.477
SD-06404000,0.1158980313751396,-220.074140205811,0.3706969845683532,0.0,40.0,4.52,0.231,9.288,13.808
SD-06406000,0.13115328046371866,-252.77809358887885,0.2455200156805981,0.0,40.0,5.115,0.214,6.774,11.889
SD-06408700,0.0009910578595236919,-1.6176104030419118,0.3898895337647028,0.0,35.0,0.033,0.079,0.347,0.38
SD-06409000,0.020632736295704904,-37.76622062214338,0.5452829029299784,0.0,40.0,0.805,0.158,3.066,3.871
SD-06422500,0.2879199563732543,-557.278130069431,0.13361124376778633,0.0,40.0,11.229,0.452,12.515,23.744
SD-06431500,0.3229697824143125,-628.6218145327887,0.09993379657133428,1.0,40.0,12.596,0.433,10.535,23.131
SD-06440200,-0.16655483553360728,399.9644824965842,0.46443447665483895,-0.0,30.0,-4.83,-0.057,68.687,63.857
SD-06441500,0.8226625821963667,-1209.9124818275627,1.0,0.0,40.0,32.084,0.055,418.137,450.221
SD-06447000,4.2732614140712375,-7933.723468465407,0.2657461083422321,0.0,40.0,166.657,0.259,523.061,689.718
SD-06447500,0.07356326213120666,-126.71396576756837,0.7348263750767032,0.0,40.0,2.869,0.12,18.868,21.737
SD-06450500,0.5270182776636507,-938.3283817371366,0.4829170444568125,0.0,40.0,20.554,0.151,104.641,125.195
SD-06452000,3.415679847269618,-5679.038551417376,0.6457450970456375,0.0,40.0,133.211,0.105,1080.592,1213.803
SD-06464500,0.3915019493380849,-676.1270361691779,0.8276288084144703,0.0,40.0,15.269,0.14,98.655,113.924
SD-06477500,0.1173800238119365,-159.71812557861807,0.9421393594576422,0.0,40.0,4.578,0.034,72.577,77.155
SD-06479215,-0.17917867288020067,381.29083054758934,0.8646652653123481,-0.0,34.0,-5.913,-0.16,25.621,19.708
SD-06479438,0.5546206142593957,-1034.463224529491,0.45325103254848376,0.0,40.0,21.63,0.184,63.131,84.761
SK-06BD001,0.06505496985496267,-119.20348014569626,0.22746955681557246,0.0,39.0,2.472,0.223,9.54,12.012
SK-06CD002,1.304226725321775,-2525.693447175684,0.044272167655270867,2.0,39.0,49.561,0.622,55.371,104.932
SK-06DA004,-0.05345177323393315,123.7118020640038,0.7248282628697524,-0.0,39.0,-2.031,-0.114,17.931,15.9
SK-07LE002,-0.27456965280858314,618.7433703005124,0.40644333792854104,-0.0,35.0,-10.434,-0.13,75.37,64.936
TN-03498500,-0.6841450009824904,1962.7210561157478,0.961407429045934,-0.0,40.0,-26.682,-0.039,608.798,582.116
TN-03604000,-4.211973400783708,9584.80476445927,0.7166749729859458,-0.0,40.0,-164.267,-0.124,1249.309,1085.042
TX-07299670,0.596593378070171,-1114.9306292542217,0.8088286305084,0.0,40.0,23.267,0.186,65.728,88.995
TX-07315200,-1.8452329558473253,3816.890523160351,0.19974847790467765,-0.0,40.0,-71.965,-0.345,165.175,93.21
TX-07346045,-3.5033243821573636,7414.467769262836,0.2455200156805981,-0.0,40.0,-136.63,-0.265,481.389,344.759
TX-08029500,1.0820420967155508,-1895.9497419461513,0.8465282828044682,0.0,40.0,42.199,0.124,245.412,287.611
TX-08050800,-1.4143545866543472,2919.8658935912117,0.3900801527621489,-0.0,33.0,-45.26,-0.409,110.958,65.698
TX-08066200,0.35821501580646686,-244.92943091019083,0.5945442759036266,0.0,40.0,13.97,0.027,463.978,477.948
TX-08066300,-1.714349295382838,3696.8753319483044,0.7531271266832609,-0.0,40.0,-66.86,-0.208,304.178,237.318
TX-08070000,0.6711504153375358,-849.2637705602541,0.947859977968412,0.0,38.0,26.175,0.033,478.943,505.118
TX-08070200,-1.2087333575870076,2984.933959112663,0.41153015108926394,-0.0,34.0,-39.888,-0.046,585.598,545.71
TX-08079600,-1.748783374085814,3655.3383923845727,0.7166749729859458,-0.0,40.0,-68.202,-0.314,194.496,126.294
TX-08082700,-0.020387338767699284,69.75104884712484,0.6986822359824363,-0.0,40.0,-0.796,-0.013,29.405,28.609
TX-08086212,-3.68977401600924,7601.683954298241,0.5614764462408652,-0.0,40.0,-143.901,-0.386,299.621,155.72
TX-08086290,0.8672911984731686,-1579.4101165478594,0.7348263750767032,0.0,40.0,33.825,0.146,136.959,170.784
TX-08101000,3.5731479257809347,-6876.222148161218,0.383767900437737,0.0,40.0,139.352,0.303,195.038,334.39
TX-08103900,-0.12443569267994435,276.1296485840156,0.9037158067879054,-0.0,40.0,-4.853,-0.135,29.871,25.018
TX-08104900,-1.2832898083568114,2672.8466515255736,0.3971171572571701,-0.0,40.0,-50.048,-0.255,133.216,83.168
TX-08109700,0.5487642136707158,-911.2972144649058,0.7348263750767032,0.0,40.0,21.402,0.089,174.707,196.109
TX-08150800,0.19508791966267486,-311.07225970008415,0.6986822359824363,0.0,40.0,7.608,0.062,75.007,82.615
TX-08155200,-0.7829167193745044,1659.3638379130794,0.7091645038629479,-0.0,33.0,-30.534,-0.253,109.972,79.438
TX-08158700,-0.02370777056185502,131.14646632981012,0.899954323586782,-0.0,39.0,-0.901,-0.007,84.205,83.304
TX-08158810,0.2247969215039778,-435.5046145314742,0.435709912751578,0.0,39.0,8.543,0.375,9.593,18.136
TX-08164000,-2.3836195147392125,5839.226666274949,0.7901381702817245,-0.0,40.0,-92.962,-0.059,1122.044,1029.082
TX-08164300,-3.507477288339127,7515.794172999502,0.7348263750767032,-0.0,40.0,-136.792,-0.197,574.497,437.705
TX-08164600,-4.1800021613488365,8562.077477785855,0.2554939683022921,-0.0,40.0,-163.02,-0.605,289.853,126.833
TX-08165300,-2.76798029346724,5592.199499662,0.08151725582079994,-1.0,40.0,-107.951,-0.772,114.366,6.415
TX-08171300,-0.5706923044448133,1373.4992202651863,0.8465282828044682,-0.0,40.0,-22.257,-0.043,244.099,221.842
TX-08175000,1.8225824436192983,-3375.8527970976293,0.7348263750767032,0.0,40.0,71.081,0.119,231.038,302.119
TX-08176900,-2.6314051369702085,5525.278484213361,0.5917967492239535,-0.0,38.0,-102.625,-0.267,317.728,215.103
TX-08178880,-1.178330784222787,2516.5714260561967,0.5320609713589797,-0.0,36.0,-41.241,-0.095,179.941,138.7
TX-08189500,-4.694951282225693,9897.454922312561,0.3706969845683532,-0.0,40.0,-183.103,-0.319,606.146,423.043
TX-08190000,-0.5341761368485289,1293.5302264028396,0.7531271266832609,-0.0,40.0,-20.833,-0.043,236.396,215.563
TX-08190500,-0.27943926081330384,609.4452060011789,0.8845825962766167,-0.0,40.0,-10.898,-0.041,56.435,45.537
TX-08194200,-1.155904529555575,2430.9017849114593,0.4246421234065476,-0.0,40.0,-45.081,-0.188,143.367,98.286
TX-08195000,-3.8576975248641077,7895.2294600073965,0.2554939683022921,-0.0,40.0,-150.45,-0.434,260.846,110.396
TX-08196000,-0.4263778214314433,910.3942157440322,0.7166749729859458,-0.0,40.0,-16.629,-0.141,66.593,49.964
TX-08198500,-0.7215606064028697,1515.4310842051004,0.4981364283916774,-0.0,40.0,-28.141,-0.15,87.463,59.322
TX-08200000,-0.8613806437936893,1775.4400413797532,0.43881262153485934,-0.0,40.0,-33.594,-0.219,70.768,37.174
TX-08202700,0.0,32.09003010965387,0.6983321740304294,0.0,40.0,0.0,0.0,32.09,32.09
UT-09183500,-0.1106578874692164,227.85336455204413,0.2686642304239091,-0.0,31.0,-3.319,-0.424,7.865,4.546
UT-09312600,-0.6624109637506326,1346.1849269226698,0.03129956141415091,-2.0,40.0,-25.834,-0.601,35.274,9.44
UT-09378170,-0.043995415301033056,89.19700535556252,0.06688303453312439,-1.0,33.0,-1.408,-0.573,1.822,0.414
UT-09378630,-0.06658312181269133,133.99975975928098,0.0007711975852116026,-3.0,40.0,-2.597,-1.234,2.232,-0.365
UT-09404450,-0.0008269459495194817,8.260992654034581,0.6632086746173176,-0.0,40.0,-0.032,-0.003,6.624,6.592
UT-10023000,0.009227428129201933,-14.943283368844924,0.9728828650934778,0.0,32.0,0.286,0.044,3.392,3.678
UT-10166430,-0.059914768358828877,122.44397043699647,0.14382566910763628,-0.0,32.0,-1.857,-0.477,3.393,1.536
UT-10172200,-0.03040050846725393,63.23098235732784,0.2455200156805981,-0.0,40.0,-1.185,-0.328,3.068,1.883
UT-10172700,-0.02766727508177215,56.035987904359246,0.0202006761638156,-2.0,40.0,-1.079,-0.624,1.282,0.203
UT-10172800,-0.03621698005728051,76.98668203360063,0.383767900437737,-0.0,40.0,-1.412,-0.232,5.313,3.901
UT-10173450,-0.9655334555727506,1988.619831240462,0.2554939683022921,-0.0,40.0,-37.656,-0.509,77.829,40.173
UT-10205030,-0.43859621003833194,891.0664962158412,0.03746484761409774,-2.0,40.0,-17.106,-0.927,23.085,5.979
UT-10234500,-0.8578960622172155,1752.6434747162862,0.07737179552146856,-1.0,40.0,-33.458,-0.587,54.867,21.409
UT-10242000,-0.6839491399793489,1405.399216556544,0.09504439020170485,-1.0,40.0,-26.674,-0.52,51.864,25.19
VA-01620500,-0.00517997587800987,58.007721448759995,0.8845825962766167,-0.0,40.0,-0.202,-0.003,47.757,47.555
VA-01632000,-0.6703681204863555,1760.3796257896124,0.8655164609304618,-0.0,40.0,-26.144,-0.053,433.721,407.577
VA-01632900,-0.5406623516432633,1175.8145465286773,0.5778990721352786,-0.0,40.0,-21.086,-0.181,105.844,84.758
VA-01634500,-1.377854950569874,2944.563135265254,0.4981364283916774,-0.0,40.0,-53.736,-0.251,217.788,164.052
VA-01638480,1.2622212130918258,-2340.1241315813504,0.2263989227367953,0.0,40.0,49.226,0.243,157.812,207.038
VA-01644000,2.729361572306895,-4955.491904664252,0.3331693388353718,0.0,40.0,106.445,0.18,445.915,552.36
VA-01658500,0.0800041129539719,-144.61070142344778,0.2762780286051476,0.0,40.0,3.121,0.173,13.717,16.838
VA-01664000,-1.9613890225740296,4898.189636147832,0.961407429045934,-0.0,40.0,-76.494,-0.07,1016.601,940.107
VA-01666500,-2.456442611950248,5249.8548500752495,0.6457450970456375,-0.0,40.0,-95.801,-0.257,388.555,292.754
VA-01667500,-0.8303671513390023,2396.272668620251,0.7715676600867172,-0.0,40.0,-32.384,-0.037,752.976,720.592
VA-01669000,0.2807794479905748,-533.9225093290997,0.05292901699473074,1.0,40.0,10.95,0.323,21.74,32.69
VA-01669520,0.044102133802906354,23.85501216475531,0.8594521306883358,0.0,37.0,1.588,0.011,111.265,112.853
VA-02011400,-1.3030619438327617,2846.774334853913,0.3971171572571701,-0.0,40.0,-50.82,-0.201,268.015,217.195
VA-02011460,-0.04285757847909569,232.16979986711914,1.0,-0.0,40.0,-1.672,-0.01,147.355,145.683
VA-02013000,-0.563300167442583,1452.3190441121117,1.0,-0.0,40.0,-21.969,-0.063,337.548,315.579
VA-02014000,-0.519494897418285,1315.3255692837715,0.8845825962766167,-0.0,40.0,-20.26,-0.072,287.245,266.985
VA-02015700,-0.9830537609267807,2197.967587125525,0.45325103254848376,-0.0,40.0,-38.339,-0.157,252.504,214.165
VA-02016000,-5.214941541832614,11385.036708061032,0.4679538135260932,-0.0,40.0,-203.382,-0.211,1064.667,861.285
VA-02017500,-0.7536571062281379,1711.0271546244944,0.4246421234065476,-0.0,40.0,-29.393,-0.146,219.54,190.147
VA-02018000,-1.7714907012515204,4161.837811085682,0.6284746536839203,-0.0,40.0,-69.088,-0.106,656.058,586.97
VA-02027000,0.6603447535270272,-1107.298707131964,0.43881262153485934,0.0,40.0,25.753,0.114,199.524,225.277
VA-02027500,-0.4977585461266113,1114.9632470637819,0.6632086746173176,-0.0,40.0,-19.412,-0.144,129.899,110.487
VA-02028500,0.1870313275904253,-180.86433241958173,0.7348263750767032,0.0,40.0,7.294,0.035,189.271,196.565
VA-02038850,0.033669174930228724,-56.05851343330887,0.7901381702817245,0.0,40.0,1.313,0.093,10.573,11.886
VA-02046000,-2.3233653646223433,4820.224647572287,0.20836472630402936,-0.0,40.0,-90.612,-0.461,222.285,131.673
VA-02051000,1.388021404389205,-2667.3845583645325,0.028949526520998248,2.0,38.0,54.133,0.424,79.51,133.643
VA-02051500,-2.419709876195139,5670.681208426915,0.9895648601306644,-0.0,38.0,-94.368,-0.109,882.075,787.707
VA-02053800,0.48561350562296923,-806.1610308544955,0.5452829029299784,0.0,40.0,18.939,0.111,154.868,173.807
VA-02055100,-0.11208801091864723,241.50312629008405,0.3453965562420982,-0.0,40.0,-4.371,-0.203,19.681,15.31
VA-02056900,-0.5915168066567533,1355.8111305562318,0.9806980673807666,-0.0,40.0,-23.069,-0.127,185.199,162.13
VA-02059500,-1.2031367599564529,2665.7044501618707,0.6808572133380828,-0.0,40.0,-46.923,-0.148,284.697,237.774
VA-02064000,-1.8611582161374989,3929.0228074040137,0.2045653965108014,-0.0,38.0,-72.585,-0.255,245.791,173.206
VA-02065500,-1.1674853393224058,2453.523326264218,0.2455200156805981,-0.0,40.0,-45.532,-0.303,143.07,97.538
VA-02069700,-0.5217009213393233,1152.6792156407703,0.7531271266832609,-0.0,40.0,-20.346,-0.156,120.233,99.887
VA-02070000,-0.4513042071402267,1052.9055389567218,0.5778990721352786,-0.0,40.0,-17.601,-0.104,159.775,142.174
VA-02074500,-1.0639822286453688,2311.8816825367976,0.6284746536839203,-0.0,40.0,-41.495,-0.198,206.261,164.766
VA-03164000,-2.551702507674658,6873.307900187799,0.8655164609304618,-0.0,40.0,-99.517,-0.056,1823.489,1723.972
VA-03165000,0.0038846313308662913,76.17615240030261,0.8465282828044682,0.0,40.0,0.151,0.002,83.864,84.015
VA-03170000,1.021765188554779,-1672.7301561302925,0.45325103254848376,0.0,40.0,39.849,0.106,349.343,389.192
VA-03173000,1.1721544511207642,-1894.583746842503,0.4679538135260932,0.0,40.0,45.714,0.094,425.11,470.824
VA-03471500,-0.7088309789094223,1545.126443251173,0.6808572133380828,-0.0,40.0,-27.644,-0.211,142.35,114.706
VA-03473000,-0.4113478917395641,1310.2329680439168,1.0,-0.0,40.0,-16.042,-0.031,496.175,480.133
VA-03488000,0.12663030486173404,178.96589294432619,0.5293245899568817,0.0,40.0,4.939,0.012,429.567,434.506
VT-01134500,0.15942796054330355,-92.84823560050543,0.9229050934914809,0.0,40.0,6.217,0.028,222.66,228.877
VT-01139000,0.23518319645672953,-290.7788377918257,0.7348263750767032,0.0,40.0,9.172,0.051,174.649,183.821
VT-01139800,-0.023349237798393402,63.815944030525436,0.7901381702817245,-0.0,40.0,-0.911,-0.053,17.608,16.697
VT-01142500,0.17115072408735862,-276.21997882205096,0.3331693388353718,0.0,40.0,6.675,0.101,62.487,69.162
VT-01144000,0.3864374586374055,856.5241300233997,0.8088286305084,0.0,40.0,15.071,0.01,1621.284,1636.355
VT-01150900,-0.17767519476217697,437.2960219880802,0.3587201702049656,-0.0,32.0,-5.864,-0.071,84.611,78.747
VT-04296000,1.3439404749725958,-2423.8168121279814,0.04463470183324292,2.0,40.0,52.414,0.204,235.841,288.255
WA-12013500,4.291714548996256,-7592.503695082695,0.1534557123832827,0.0,40.0,167.377,0.174,900.799,1068.176
WA-12020000,2.24502235771757,-3602.8376933680397,0.6457450970456375,0.0,40.0,87.555,0.093,840.062,927.617
WA-12025000,4.260130518656278,-7828.870560866996,0.2894224860302206,0.0,38.0,166.145,0.236,601.928,768.073
WA-12025700,1.2537834199558904,-2245.81593041031,0.2554939683022921,0.0,40.0,48.898,0.187,235.421,284.319
WA-12035000,-0.2231993749190106,3151.345305024183,0.6986822359824363,-0.0,40.0,-8.705,-0.003,2709.634,2700.929
WA-12040500,-28.73297234120834,63374.630468140036,0.45325103254848376,-0.0,40.0,-1120.586,-0.184,6512.078,5391.492
WA-12041200,-9.19466011597537,21138.72704909397,0.6114052024347298,-0.0,40.0,-358.592,-0.132,2942.495,2583.903
WA-12043000,-3.4087356121639685,8421.152955261019,0.7895923705025334,-0.0,35.0,-132.941,-0.084,1675.265,1542.324
WA-12048000,-0.0007027626905526793,304.27708333620365,0.8276288084144703,-0.0,40.0,-0.027,-0.0,302.886,302.859
WA-12054000,0.34368849480180474,-243.92447063637337,0.6114052024347298,0.0,40.0,13.404,0.031,436.235,449.639
WA-12056500,3.937662878386834,-7247.41013192395,0.09034851458293014,1.0,40.0,153.569,0.248,545.225,698.794
WA-12073500,0.0244344488241549,-34.72772070066054,0.6284746536839203,0.0,40.0,0.953,0.071,13.628,14.581
WA-12082500,1.051130328157509,-1540.4021902788586,0.9229050934914809,0.0,40.0,40.994,0.068,539.785,580.779
WA-12092000,2.0406661217187727,-3728.797514122639,0.1274572747761462,0.0,40.0,79.586,0.211,309.681,389.267
WA-12095000,0.9925325492715407,-1767.5133399073195,0.8304750241244809,0.0,31.0,29.776,0.115,205.641,235.417
WA-12114500,1.072454621774836,-1974.1765304879677,0.09993379657133428,1.0,40.0,41.826,0.243,148.211,190.037
WA-12115000,1.3364015681026065,-2411.069971454602,0.13361124376778633,0.0,40.0,52.119,0.189,233.669,285.788
WA-12115500,0.2660522147626697,-406.7051368817102,0.5452829029299784,0.0,40.0,10.376,0.081,119.812,130.188
WA-12117000,0.1805138758488058,-285.6828636305673,0.5778990721352786,0.0,40.0,7.04,0.087,71.554,78.594
WA-12141300,3.889378838182079,-6389.848623623226,0.3952543278515894,0.0,38.0,151.686,0.108,1307.232,1458.918
WA-12143600,0.8245691160170168,-1169.9798678719567,0.614239541598542,0.0,35.0,28.036,0.056,465.965,494.001
WA-12144000,1.2423346463065292,-1984.8267004866389,0.5664461417662239,0.0,34.0,40.997,0.079,481.208,522.205
WA-12145500,1.0348790329218538,-1892.4099216893164,0.11031315574785938,0.0,40.0,40.36,0.227,155.616,195.976
WA-12147500,2.0473650115118254,-3737.0162622196885,0.1110156560699953,0.0,37.0,73.705,0.204,314.719,388.424
WA-12147600,0.7746373311204624,-1462.1617037870576,0.006734420188890589,3.0,40.0,30.21,0.358,70.846,101.056
WA-12167000,-4.698294215405397,11707.406950176504,0.6457450970456375,-0.0,40.0,-183.234,-0.081,2409.483,2226.249
WA-12175500,-0.737613322671318,1994.5177340309274,0.4829170444568125,-0.0,40.0,-28.767,-0.053,534.781,506.014
WA-12178100,-0.0035582086644061787,182.52983569776745,0.9229050934914809,-0.0,40.0,-0.139,-0.001,175.488,175.349
WA-12186000,2.9276347375040803,-4885.807050820804,0.2455200156805981,0.0,40.0,114.178,0.107,907.982,1022.16
WA-12189500,12.84432452751563,-22324.561271084873,0.20836472630402936,0.0,40.0,500.929,0.143,3094.357,3595.286
WA-12447390,0.38493215818815923,-713.7151606754741,0.30258950281847774,0.0,39.0,14.627,0.259,48.066,62.693
WA-12451000,5.419823820926854,-9364.951297808502,0.2657461083422321,0.0,40.0,211.373,0.143,1360.88,1572.253
WA-12488500,1.0382663463650683,-1847.095904076422,0.4829170444568125,0.0,40.0,40.493,0.167,207.633,248.126
WA-14216500,0.7297944518488836,-595.2635504700431,0.9527149346506574,0.0,35.0,24.813,0.029,852.649,877.462
WA-14222500,2.206823177227983,-3555.9236388573313,0.7348263750767032,0.0,40.0,86.067,0.098,811.379,897.446
WA-14236200,0.813922247103708,-659.4371749151179,0.7531271266832609,0.0,40.0,31.743,0.032,951.315,983.058
WI-04024430,1.9407313128092414,-3218.749978968106,0.3706969845683532,0.0,40.0,75.689,0.111,621.957,697.646
WI-04027000,2.080563647925616,-3232.296353665751,0.5945442759036266,0.0,40.0,81.142,0.083,885.139,966.281
WI-04063700,-0.5109505278843367,1123.30376578606,0.6632086746173176,-0.0,40.0,-19.927,-0.185,112.133,92.206
WI-04074950,0.4506061740763193,-690.6670188801284,0.5738490427115428,0.0,38.0,16.672,0.077,201.984,218.656
WI-05362000,1.3589349804188733,-1669.0468163719056,0.6457450970456375,0.0,40.0,52.998,0.054,1020.286,1073.284
WI-05393500,0.15498918680063045,-129.51880564857134,0.8655164609304618,0.0,40.0,6.044,0.035,177.205,183.249
WI-05399500,-0.25473254176543586,1041.2730865366168,0.9229050934914809,-0.0,40.0,-9.934,-0.019,537.157,527.223
WI-05408000,0.28815239805687154,-418.0188427635506,0.3971171572571701,0.0,40.0,11.238,0.06,152.235,163.473
WI-05413500,2.3188137572834298,-4476.088958848997,0.13999263656729632,0.0,40.0,90.434,0.47,112.843,203.277
WI-05414000,0.610199010095522,-1129.1338906215315,0.4246421234065476,0.0,40.0,23.798,0.22,78.45,102.248
WV-01605500,-0.6915492283453166,1631.9236191286523,0.6632086746173176,-0.0,40.0,-26.971,-0.086,263.348,236.377
WV-01606500,-2.0616385293657555,5140.978353102651,0.6284746536839203,-0.0,40.0,-80.404,-0.067,1060.996,980.592
WV-03050000,-0.8871536945246916,2345.00968652042,0.6661517985372294,-0.0,30.0,-25.727,-0.041,580.461,554.734
WV-03066000,-0.21098010300822606,685.7416384200371,0.9037158067879054,-0.0,40.0,-8.228,-0.029,268.212,259.984
WV-03069500,6.0728403543323175,-9768.604539867358,0.5452829029299784,0.0,40.0,236.84,0.096,2249.547,2486.387
WV-03070500,-0.3549810939103168,1290.7453619301518,0.8276288084144703,-0.0,40.0,-13.844,-0.024,588.238,574.394
WV-03180500,-1.0560945313660741,2474.4274959533554,0.45325103254848376,-0.0,40.0,-41.187,-0.101,384.416,343.229
WV-03182500,-0.883566260990893,3162.7245119676945,0.9421393594576422,-0.0,40.0,-34.459,-0.023,1414.147,1379.688
WV-03186500,-0.07152834376187306,633.0621641432126,0.9421393594576422,-0.0,40.0,-2.79,-0.006,491.508,488.718
WV-03187500,-1.1268018033137115,2575.3047431347213,0.5952698888863501,-0.0,37.0,-43.945,-0.139,345.364,301.419
WY-06188000,-0.7954353758149344,3244.7234021602035,0.8955329031670438,-0.0,30.0,-23.067,-0.014,1662.602,1639.535
WY-06221400,1.3981822016362715,-2610.897413349299,0.3022157697479979,0.0,30.0,40.547,0.217,170.087,210.634
WY-06224000,0.16840632074631723,53.78818423906176,0.9037158067879054,0.0,40.0,6.568,0.016,387.064,393.632
WY-06278300,0.07097951252172358,-68.1587612500691,0.8845825962766167,0.0,40.0,2.768,0.039,72.31,75.078
WY-06280300,2.86740176925459,-5169.391245936107,0.3453965562420982,0.0,40.0,111.829,0.194,505.197,617.026
WY-06309200,0.333373717918019,-617.340468667998,0.4679538135260932,0.0,40.0,13.002,0.241,42.406,55.408
WY-06311000,0.14833663453926213,-269.2717653406783,0.43881262153485934,0.0,40.0,5.786,0.209,24.286,30.072
WY-06622700,0.1566479321283832,-226.21639422059442,0.7901381702817245,0.0,40.0,6.109,0.063,83.79,89.899
WY-06623800,0.263342632685805,-326.6228446592207,0.6284746536839203,0.0,40.0,10.271,0.051,194.532,204.803
WY-06632400,0.03622083707335101,88.6798616182148,0.8655164609304618,0.0,40.0,1.413,0.009,160.361,161.774
WY-09210500,-0.056713439622586986,182.21049733237294,0.9806980673807666,-0.0,40.0,-2.212,-0.028,69.975,67.763
WY-09223000,-0.24774074703969884,623.1456925819831,0.8655164609304618,-0.0,40.0,-9.662,-0.064,132.867,123.205
WY-13010065,6.088969096511619,-10959.763295098806,0.4407833666003569,0.0,35.0,207.025,0.169,1120.751,1327.776
WY-13011500,0.7170137704690049,-1003.2875313712871,0.961407429045934,0.0,40.0,27.963,0.061,415.683,443.646
WY-13011900,1.3924123997640048,-2095.022792667104,0.7635561283061163,0.0,38.0,54.304,0.075,660.561,714.865
WY-13018300,0.008948301025518354,-6.149146495252237,0.7348263750767032,0.0,40.0,0.349,0.026,11.56,11.909
WY-13023000,2.3776630624682866,-4163.841341068983,0.45325103254848376,0.0,40.0,92.729,0.145,541.554,634.283
YT-09AC001,-0.030009464644568676,120.96128148031968,0.9687017187842499,-0.0,38.0,-1.141,-0.019,61.573,60.432
YT-09BC001,-0.20465711635820938,800.3463471902044,0.8209725423085437,-0.0,39.0,-7.777,-0.019,395.33,387.553
YT-09FC001,1.6868192724810114,-3250.8007129895677,0.02419069629917514,2.0,33.0,64.099,0.578,87.415,151.514
